   #      sza      vis      fis  sca_ang         meas_I          fit_I
   1    32.00    32.00     0.00   180.00    0.10000E+02    0.51861E-02
   2    32.00    33.00     0.00   179.00    0.10000E+02    0.51703E-02
   3    32.00    34.00     0.00   178.00    0.10000E+02    0.51627E-02
   4    32.00    35.00     0.00   177.00    0.10000E+02    0.51579E-02
   5    32.00    36.00     0.00   176.00    0.10000E+02    0.51543E-02
   6    32.00    37.00     0.00   175.00    0.10000E+02    0.51511E-02
   7    32.00    38.00     0.00   174.00    0.10000E+02    0.51482E-02
   8    32.00    39.00     0.00   173.00    0.10000E+02    0.51456E-02
   9    32.00    40.00     0.00   172.00    0.10000E+02    0.51431E-02
  10    32.00    41.00     0.00   171.00    0.10000E+02    0.51408E-02
  11    32.00    42.00     0.00   170.00    0.10000E+02    0.51384E-02
  12    32.00    43.00     0.00   169.00    0.10000E+02    0.51361E-02
  13    32.00    44.00     0.00   168.00    0.10000E+02    0.51338E-02
  14    32.00    45.00     0.00   167.00    0.10000E+02    0.51315E-02
  15    32.00    46.00     0.00   166.00    0.10000E+02    0.51293E-02
  16    32.00    47.00     0.00   165.00    0.10000E+02    0.51271E-02
  17    32.00    48.00     0.00   164.00    0.10000E+02    0.51249E-02
  18    32.00    49.00     0.00   163.00    0.10000E+02    0.51227E-02
  19    32.00    50.00     0.00   162.00    0.10000E+02    0.51205E-02
  20    32.00    51.00     0.00   161.00    0.10000E+02    0.51185E-02
  21    32.00    52.00     0.00   160.00    0.10000E+02    0.51165E-02
  22    32.00    53.00     0.00   159.00    0.10000E+02    0.51146E-02
  23    32.00    54.00     0.00   158.00    0.10000E+02    0.51126E-02
  24    32.00    55.00     0.00   157.00    0.10000E+02    0.51106E-02
  25    32.00    56.00     0.00   156.00    0.10000E+02    0.51090E-02
  26    32.00    57.00     0.00   155.00    0.10000E+02    0.51074E-02
  27    32.00    58.00     0.00   154.00    0.10000E+02    0.51058E-02
  28    32.00    59.00     0.00   153.00    0.10000E+02    0.51041E-02
  29    32.00    60.00     0.00   152.00    0.10000E+02    0.51026E-02
  30    32.00    61.00     0.00   151.00    0.10000E+02    0.51014E-02
  31    32.00    32.00     0.00   180.00    0.10000E+02    0.51861E-02
  32    32.00    33.00     0.00   179.00    0.10000E+02    0.51703E-02
  33    32.00    34.00     0.00   178.00    0.10000E+02    0.51627E-02
  34    32.00    35.00     0.00   177.00    0.10000E+02    0.51579E-02
  35    32.00    36.00     0.00   176.00    0.10000E+02    0.51543E-02
  36    32.00    37.00     0.00   175.00    0.10000E+02    0.51511E-02
  37    32.00    38.00     0.00   174.00    0.10000E+02    0.51482E-02
  38    32.00    39.00     0.00   173.00    0.10000E+02    0.51456E-02
  39    32.00    40.00     0.00   172.00    0.10000E+02    0.51431E-02
  40    32.00    41.00     0.00   171.00    0.10000E+02    0.51408E-02
  41    32.00    42.00     0.00   170.00    0.10000E+02    0.51384E-02
  42    32.00    43.00     0.00   169.00    0.10000E+02    0.51361E-02
  43    32.00    44.00     0.00   168.00    0.10000E+02    0.51338E-02
  44    32.00    45.00     0.00   167.00    0.10000E+02    0.51315E-02
  45    32.00    46.00     0.00   166.00    0.10000E+02    0.51293E-02
  46    32.00    47.00     0.00   165.00    0.10000E+02    0.51271E-02
  47    32.00    48.00     0.00   164.00    0.10000E+02    0.51249E-02
  48    32.00    49.00     0.00   163.00    0.10000E+02    0.51227E-02
  49    32.00    50.00     0.00   162.00    0.10000E+02    0.51205E-02
  50    32.00    51.00     0.00   161.00    0.10000E+02    0.51185E-02
  51    32.00    52.00     0.00   160.00    0.10000E+02    0.51165E-02
  52    32.00    53.00     0.00   159.00    0.10000E+02    0.51146E-02
  53    32.00    54.00     0.00   158.00    0.10000E+02    0.51126E-02
  54    32.00    55.00     0.00   157.00    0.10000E+02    0.51106E-02
  55    32.00    56.00     0.00   156.00    0.10000E+02    0.51090E-02
  56    32.00    57.00     0.00   155.00    0.10000E+02    0.51074E-02
  57    32.00    58.00     0.00   154.00    0.10000E+02    0.51058E-02
  58    32.00    59.00     0.00   153.00    0.10000E+02    0.51041E-02
  59    32.00    60.00     0.00   152.00    0.10000E+02    0.51026E-02
  60    32.00    61.00     0.00   151.00    0.10000E+02    0.51014E-02
  61    32.00    32.00     0.00   180.00    0.10000E+02    0.51861E-02
  62    32.00    33.00     0.00   179.00    0.10000E+02    0.51703E-02
  63    32.00    34.00     0.00   178.00    0.10000E+02    0.51627E-02
  64    32.00    35.00     0.00   177.00    0.10000E+02    0.51579E-02
  65    32.00    36.00     0.00   176.00    0.10000E+02    0.51543E-02
  66    32.00    37.00     0.00   175.00    0.10000E+02    0.51511E-02
  67    32.00    38.00     0.00   174.00    0.10000E+02    0.51482E-02
  68    32.00    39.00     0.00   173.00    0.10000E+02    0.51456E-02
  69    32.00    40.00     0.00   172.00    0.10000E+02    0.51431E-02
  70    32.00    41.00     0.00   171.00    0.10000E+02    0.51408E-02
  71    32.00    42.00     0.00   170.00    0.10000E+02    0.51384E-02
  72    32.00    43.00     0.00   169.00    0.10000E+02    0.51361E-02
  73    32.00    44.00     0.00   168.00    0.10000E+02    0.51338E-02
  74    32.00    45.00     0.00   167.00    0.10000E+02    0.51315E-02
  75    32.00    46.00     0.00   166.00    0.10000E+02    0.51293E-02
  76    32.00    47.00     0.00   165.00    0.10000E+02    0.51271E-02
  77    32.00    48.00     0.00   164.00    0.10000E+02    0.51249E-02
  78    32.00    49.00     0.00   163.00    0.10000E+02    0.51227E-02
  79    32.00    50.00     0.00   162.00    0.10000E+02    0.51205E-02
  80    32.00    51.00     0.00   161.00    0.10000E+02    0.51185E-02
  81    32.00    52.00     0.00   160.00    0.10000E+02    0.51165E-02
  82    32.00    53.00     0.00   159.00    0.10000E+02    0.51146E-02
  83    32.00    54.00     0.00   158.00    0.10000E+02    0.51126E-02
  84    32.00    55.00     0.00   157.00    0.10000E+02    0.51106E-02
  85    32.00    56.00     0.00   156.00    0.10000E+02    0.51090E-02
  86    32.00    57.00     0.00   155.00    0.10000E+02    0.51074E-02
  87    32.00    58.00     0.00   154.00    0.10000E+02    0.51058E-02
  88    32.00    59.00     0.00   153.00    0.10000E+02    0.51041E-02
  89    32.00    60.00     0.00   152.00    0.10000E+02    0.51026E-02
  90    32.00    61.00     0.00   151.00    0.10000E+02    0.51014E-02
  91    32.00    32.00     0.00   180.00    0.10000E+02    0.51861E-02
  92    32.00    33.00     0.00   179.00    0.10000E+02    0.51703E-02
  93    32.00    34.00     0.00   178.00    0.10000E+02    0.51627E-02
  94    32.00    35.00     0.00   177.00    0.10000E+02    0.51579E-02
  95    32.00    36.00     0.00   176.00    0.10000E+02    0.51543E-02
  96    32.00    37.00     0.00   175.00    0.10000E+02    0.51511E-02
  97    32.00    38.00     0.00   174.00    0.10000E+02    0.51482E-02
  98    32.00    39.00     0.00   173.00    0.10000E+02    0.51456E-02
  99    32.00    40.00     0.00   172.00    0.10000E+02    0.51431E-02
 100    32.00    41.00     0.00   171.00    0.10000E+02    0.51408E-02
 101    32.00    42.00     0.00   170.00    0.10000E+02    0.51384E-02
 102    32.00    43.00     0.00   169.00    0.10000E+02    0.51361E-02
 103    32.00    44.00     0.00   168.00    0.10000E+02    0.51338E-02
 104    32.00    45.00     0.00   167.00    0.10000E+02    0.51315E-02
 105    32.00    46.00     0.00   166.00    0.10000E+02    0.51293E-02
 106    32.00    47.00     0.00   165.00    0.10000E+02    0.51271E-02
 107    32.00    48.00     0.00   164.00    0.10000E+02    0.51249E-02
 108    32.00    49.00     0.00   163.00    0.10000E+02    0.51227E-02
 109    32.00    50.00     0.00   162.00    0.10000E+02    0.51205E-02
 110    32.00    51.00     0.00   161.00    0.10000E+02    0.51185E-02
 111    32.00    52.00     0.00   160.00    0.10000E+02    0.51165E-02
 112    32.00    53.00     0.00   159.00    0.10000E+02    0.51146E-02
 113    32.00    54.00     0.00   158.00    0.10000E+02    0.51126E-02
 114    32.00    55.00     0.00   157.00    0.10000E+02    0.51106E-02
 115    32.00    56.00     0.00   156.00    0.10000E+02    0.51090E-02
 116    32.00    57.00     0.00   155.00    0.10000E+02    0.51074E-02
 117    32.00    58.00     0.00   154.00    0.10000E+02    0.51058E-02
 118    32.00    59.00     0.00   153.00    0.10000E+02    0.51041E-02
 119    32.00    60.00     0.00   152.00    0.10000E+02    0.51026E-02
 120    32.00    61.00     0.00   151.00    0.10000E+02    0.51014E-02
 121    32.00    32.00     0.00   180.00    0.10000E+02    0.51861E-02
 122    32.00    33.00     0.00   179.00    0.10000E+02    0.51703E-02
 123    32.00    34.00     0.00   178.00    0.10000E+02    0.51627E-02
 124    32.00    35.00     0.00   177.00    0.10000E+02    0.51579E-02
 125    32.00    36.00     0.00   176.00    0.10000E+02    0.51543E-02
 126    32.00    37.00     0.00   175.00    0.10000E+02    0.51511E-02
 127    32.00    38.00     0.00   174.00    0.10000E+02    0.51482E-02
 128    32.00    39.00     0.00   173.00    0.10000E+02    0.51456E-02
 129    32.00    40.00     0.00   172.00    0.10000E+02    0.51431E-02
 130    32.00    41.00     0.00   171.00    0.10000E+02    0.51408E-02
 131    32.00    42.00     0.00   170.00    0.10000E+02    0.51384E-02
 132    32.00    43.00     0.00   169.00    0.10000E+02    0.51361E-02
 133    32.00    44.00     0.00   168.00    0.10000E+02    0.51338E-02
 134    32.00    45.00     0.00   167.00    0.10000E+02    0.51315E-02
 135    32.00    46.00     0.00   166.00    0.10000E+02    0.51293E-02
 136    32.00    47.00     0.00   165.00    0.10000E+02    0.51271E-02
 137    32.00    48.00     0.00   164.00    0.10000E+02    0.51249E-02
 138    32.00    49.00     0.00   163.00    0.10000E+02    0.51227E-02
 139    32.00    50.00     0.00   162.00    0.10000E+02    0.51205E-02
 140    32.00    51.00     0.00   161.00    0.10000E+02    0.51185E-02
 141    32.00    52.00     0.00   160.00    0.10000E+02    0.51165E-02
 142    32.00    53.00     0.00   159.00    0.10000E+02    0.51146E-02
 143    32.00    54.00     0.00   158.00    0.10000E+02    0.51126E-02
 144    32.00    55.00     0.00   157.00    0.10000E+02    0.51106E-02
 145    32.00    56.00     0.00   156.00    0.10000E+02    0.51090E-02
 146    32.00    57.00     0.00   155.00    0.10000E+02    0.51074E-02
 147    32.00    58.00     0.00   154.00    0.10000E+02    0.51058E-02
 148    32.00    59.00     0.00   153.00    0.10000E+02    0.51041E-02
 149    32.00    60.00     0.00   152.00    0.10000E+02    0.51026E-02
 150    32.00    61.00     0.00   151.00    0.10000E+02    0.51014E-02
 151    32.00    32.00     0.00   180.00    0.10000E+02    0.51861E-02
 152    32.00    33.00     0.00   179.00    0.10000E+02    0.51703E-02
 153    32.00    34.00     0.00   178.00    0.10000E+02    0.51627E-02
 154    32.00    35.00     0.00   177.00    0.10000E+02    0.51579E-02
 155    32.00    36.00     0.00   176.00    0.10000E+02    0.51543E-02
 156    32.00    37.00     0.00   175.00    0.10000E+02    0.51511E-02
 157    32.00    38.00     0.00   174.00    0.10000E+02    0.51482E-02
 158    32.00    39.00     0.00   173.00    0.10000E+02    0.51456E-02
 159    32.00    40.00     0.00   172.00    0.10000E+02    0.51431E-02
 160    32.00    41.00     0.00   171.00    0.10000E+02    0.51408E-02
 161    32.00    42.00     0.00   170.00    0.10000E+02    0.51384E-02
 162    32.00    43.00     0.00   169.00    0.10000E+02    0.51361E-02
 163    32.00    44.00     0.00   168.00    0.10000E+02    0.51338E-02
 164    32.00    45.00     0.00   167.00    0.10000E+02    0.51315E-02
 165    32.00    46.00     0.00   166.00    0.10000E+02    0.51293E-02
 166    32.00    47.00     0.00   165.00    0.10000E+02    0.51271E-02
 167    32.00    48.00     0.00   164.00    0.10000E+02    0.51249E-02
 168    32.00    49.00     0.00   163.00    0.10000E+02    0.51227E-02
 169    32.00    50.00     0.00   162.00    0.10000E+02    0.51205E-02
 170    32.00    51.00     0.00   161.00    0.10000E+02    0.51185E-02
 171    32.00    52.00     0.00   160.00    0.10000E+02    0.51165E-02
 172    32.00    53.00     0.00   159.00    0.10000E+02    0.51146E-02
 173    32.00    54.00     0.00   158.00    0.10000E+02    0.51126E-02
 174    32.00    55.00     0.00   157.00    0.10000E+02    0.51106E-02
 175    32.00    56.00     0.00   156.00    0.10000E+02    0.51090E-02
 176    32.00    57.00     0.00   155.00    0.10000E+02    0.51074E-02
 177    32.00    58.00     0.00   154.00    0.10000E+02    0.51058E-02
 178    32.00    59.00     0.00   153.00    0.10000E+02    0.51041E-02
 179    32.00    60.00     0.00   152.00    0.10000E+02    0.51026E-02
 180    32.00    61.00     0.00   151.00    0.10000E+02    0.51014E-02
   #      sza      vis      fis  sca_ang       meas_Q/I        fit_Q/I
   1    32.00    32.00     0.00   180.00    0.10000E-01    0.23681E-02
   2    32.00    33.00     0.00   179.00    0.10000E-01    0.26204E-02
   3    32.00    34.00     0.00   178.00    0.10000E-01    0.28717E-02
   4    32.00    35.00     0.00   177.00    0.10000E-01    0.31238E-02
   5    32.00    36.00     0.00   176.00    0.10000E-01    0.33775E-02
   6    32.00    37.00     0.00   175.00    0.10000E-01    0.36686E-02
   7    32.00    38.00     0.00   174.00    0.10000E-01    0.39727E-02
   8    32.00    39.00     0.00   173.00    0.10000E-01    0.42789E-02
   9    32.00    40.00     0.00   172.00    0.10000E-01    0.45871E-02
  10    32.00    41.00     0.00   171.00    0.10000E-01    0.49014E-02
  11    32.00    42.00     0.00   170.00    0.10000E-01    0.52610E-02
  12    32.00    43.00     0.00   169.00    0.10000E-01    0.56228E-02
  13    32.00    44.00     0.00   168.00    0.10000E-01    0.59867E-02
  14    32.00    45.00     0.00   167.00    0.10000E-01    0.63528E-02
  15    32.00    46.00     0.00   166.00    0.10000E-01    0.67406E-02
  16    32.00    47.00     0.00   165.00    0.10000E-01    0.71586E-02
  17    32.00    48.00     0.00   164.00    0.10000E-01    0.75789E-02
  18    32.00    49.00     0.00   163.00    0.10000E-01    0.80016E-02
  19    32.00    50.00     0.00   162.00    0.10000E-01    0.84266E-02
  20    32.00    51.00     0.00   161.00    0.10000E-01    0.88887E-02
  21    32.00    52.00     0.00   160.00    0.10000E-01    0.93657E-02
  22    32.00    53.00     0.00   159.00    0.10000E-01    0.98452E-02
  23    32.00    54.00     0.00   158.00    0.10000E-01    0.10327E-01
  24    32.00    55.00     0.00   157.00    0.10000E-01    0.10815E-01
  25    32.00    56.00     0.00   156.00    0.10000E-01    0.11348E-01
  26    32.00    57.00     0.00   155.00    0.10000E-01    0.11884E-01
  27    32.00    58.00     0.00   154.00    0.10000E-01    0.12423E-01
  28    32.00    59.00     0.00   153.00    0.10000E-01    0.12965E-01
  29    32.00    60.00     0.00   152.00    0.10000E-01    0.13527E-01
  30    32.00    61.00     0.00   151.00    0.10000E-01    0.14119E-01
  31    32.00    32.00     0.00   180.00    0.10000E-01    0.23681E-02
  32    32.00    33.00     0.00   179.00    0.10000E-01    0.26204E-02
  33    32.00    34.00     0.00   178.00    0.10000E-01    0.28717E-02
  34    32.00    35.00     0.00   177.00    0.10000E-01    0.31238E-02
  35    32.00    36.00     0.00   176.00    0.10000E-01    0.33775E-02
  36    32.00    37.00     0.00   175.00    0.10000E-01    0.36686E-02
  37    32.00    38.00     0.00   174.00    0.10000E-01    0.39727E-02
  38    32.00    39.00     0.00   173.00    0.10000E-01    0.42789E-02
  39    32.00    40.00     0.00   172.00    0.10000E-01    0.45871E-02
  40    32.00    41.00     0.00   171.00    0.10000E-01    0.49014E-02
  41    32.00    42.00     0.00   170.00    0.10000E-01    0.52610E-02
  42    32.00    43.00     0.00   169.00    0.10000E-01    0.56228E-02
  43    32.00    44.00     0.00   168.00    0.10000E-01    0.59867E-02
  44    32.00    45.00     0.00   167.00    0.10000E-01    0.63528E-02
  45    32.00    46.00     0.00   166.00    0.10000E-01    0.67406E-02
  46    32.00    47.00     0.00   165.00    0.10000E-01    0.71586E-02
  47    32.00    48.00     0.00   164.00    0.10000E-01    0.75789E-02
  48    32.00    49.00     0.00   163.00    0.10000E-01    0.80016E-02
  49    32.00    50.00     0.00   162.00    0.10000E-01    0.84266E-02
  50    32.00    51.00     0.00   161.00    0.10000E-01    0.88887E-02
  51    32.00    52.00     0.00   160.00    0.10000E-01    0.93657E-02
  52    32.00    53.00     0.00   159.00    0.10000E-01    0.98452E-02
  53    32.00    54.00     0.00   158.00    0.10000E-01    0.10327E-01
  54    32.00    55.00     0.00   157.00    0.10000E-01    0.10815E-01
  55    32.00    56.00     0.00   156.00    0.10000E-01    0.11348E-01
  56    32.00    57.00     0.00   155.00    0.10000E-01    0.11884E-01
  57    32.00    58.00     0.00   154.00    0.10000E-01    0.12423E-01
  58    32.00    59.00     0.00   153.00    0.10000E-01    0.12965E-01
  59    32.00    60.00     0.00   152.00    0.10000E-01    0.13527E-01
  60    32.00    61.00     0.00   151.00    0.10000E-01    0.14119E-01
  61    32.00    32.00     0.00   180.00    0.10000E-01    0.23681E-02
  62    32.00    33.00     0.00   179.00    0.10000E-01    0.26204E-02
  63    32.00    34.00     0.00   178.00    0.10000E-01    0.28717E-02
  64    32.00    35.00     0.00   177.00    0.10000E-01    0.31238E-02
  65    32.00    36.00     0.00   176.00    0.10000E-01    0.33775E-02
  66    32.00    37.00     0.00   175.00    0.10000E-01    0.36686E-02
  67    32.00    38.00     0.00   174.00    0.10000E-01    0.39727E-02
  68    32.00    39.00     0.00   173.00    0.10000E-01    0.42789E-02
  69    32.00    40.00     0.00   172.00    0.10000E-01    0.45871E-02
  70    32.00    41.00     0.00   171.00    0.10000E-01    0.49014E-02
  71    32.00    42.00     0.00   170.00    0.10000E-01    0.52610E-02
  72    32.00    43.00     0.00   169.00    0.10000E-01    0.56228E-02
  73    32.00    44.00     0.00   168.00    0.10000E-01    0.59867E-02
  74    32.00    45.00     0.00   167.00    0.10000E-01    0.63528E-02
  75    32.00    46.00     0.00   166.00    0.10000E-01    0.67406E-02
  76    32.00    47.00     0.00   165.00    0.10000E-01    0.71586E-02
  77    32.00    48.00     0.00   164.00    0.10000E-01    0.75789E-02
  78    32.00    49.00     0.00   163.00    0.10000E-01    0.80016E-02
  79    32.00    50.00     0.00   162.00    0.10000E-01    0.84266E-02
  80    32.00    51.00     0.00   161.00    0.10000E-01    0.88887E-02
  81    32.00    52.00     0.00   160.00    0.10000E-01    0.93657E-02
  82    32.00    53.00     0.00   159.00    0.10000E-01    0.98452E-02
  83    32.00    54.00     0.00   158.00    0.10000E-01    0.10327E-01
  84    32.00    55.00     0.00   157.00    0.10000E-01    0.10815E-01
  85    32.00    56.00     0.00   156.00    0.10000E-01    0.11348E-01
  86    32.00    57.00     0.00   155.00    0.10000E-01    0.11884E-01
  87    32.00    58.00     0.00   154.00    0.10000E-01    0.12423E-01
  88    32.00    59.00     0.00   153.00    0.10000E-01    0.12965E-01
  89    32.00    60.00     0.00   152.00    0.10000E-01    0.13527E-01
  90    32.00    61.00     0.00   151.00    0.10000E-01    0.14119E-01
  91    32.00    32.00     0.00   180.00    0.10000E-01    0.23681E-02
  92    32.00    33.00     0.00   179.00    0.10000E-01    0.26204E-02
  93    32.00    34.00     0.00   178.00    0.10000E-01    0.28717E-02
  94    32.00    35.00     0.00   177.00    0.10000E-01    0.31238E-02
  95    32.00    36.00     0.00   176.00    0.10000E-01    0.33775E-02
  96    32.00    37.00     0.00   175.00    0.10000E-01    0.36686E-02
  97    32.00    38.00     0.00   174.00    0.10000E-01    0.39727E-02
  98    32.00    39.00     0.00   173.00    0.10000E-01    0.42789E-02
  99    32.00    40.00     0.00   172.00    0.10000E-01    0.45871E-02
 100    32.00    41.00     0.00   171.00    0.10000E-01    0.49014E-02
 101    32.00    42.00     0.00   170.00    0.10000E-01    0.52610E-02
 102    32.00    43.00     0.00   169.00    0.10000E-01    0.56228E-02
 103    32.00    44.00     0.00   168.00    0.10000E-01    0.59867E-02
 104    32.00    45.00     0.00   167.00    0.10000E-01    0.63528E-02
 105    32.00    46.00     0.00   166.00    0.10000E-01    0.67406E-02
 106    32.00    47.00     0.00   165.00    0.10000E-01    0.71586E-02
 107    32.00    48.00     0.00   164.00    0.10000E-01    0.75789E-02
 108    32.00    49.00     0.00   163.00    0.10000E-01    0.80016E-02
 109    32.00    50.00     0.00   162.00    0.10000E-01    0.84266E-02
 110    32.00    51.00     0.00   161.00    0.10000E-01    0.88887E-02
 111    32.00    52.00     0.00   160.00    0.10000E-01    0.93657E-02
 112    32.00    53.00     0.00   159.00    0.10000E-01    0.98452E-02
 113    32.00    54.00     0.00   158.00    0.10000E-01    0.10327E-01
 114    32.00    55.00     0.00   157.00    0.10000E-01    0.10815E-01
 115    32.00    56.00     0.00   156.00    0.10000E-01    0.11348E-01
 116    32.00    57.00     0.00   155.00    0.10000E-01    0.11884E-01
 117    32.00    58.00     0.00   154.00    0.10000E-01    0.12423E-01
 118    32.00    59.00     0.00   153.00    0.10000E-01    0.12965E-01
 119    32.00    60.00     0.00   152.00    0.10000E-01    0.13527E-01
 120    32.00    61.00     0.00   151.00    0.10000E-01    0.14119E-01
 121    32.00    32.00     0.00   180.00    0.10000E-01    0.23681E-02
 122    32.00    33.00     0.00   179.00    0.10000E-01    0.26204E-02
 123    32.00    34.00     0.00   178.00    0.10000E-01    0.28717E-02
 124    32.00    35.00     0.00   177.00    0.10000E-01    0.31238E-02
 125    32.00    36.00     0.00   176.00    0.10000E-01    0.33775E-02
 126    32.00    37.00     0.00   175.00    0.10000E-01    0.36686E-02
 127    32.00    38.00     0.00   174.00    0.10000E-01    0.39727E-02
 128    32.00    39.00     0.00   173.00    0.10000E-01    0.42789E-02
 129    32.00    40.00     0.00   172.00    0.10000E-01    0.45871E-02
 130    32.00    41.00     0.00   171.00    0.10000E-01    0.49014E-02
 131    32.00    42.00     0.00   170.00    0.10000E-01    0.52610E-02
 132    32.00    43.00     0.00   169.00    0.10000E-01    0.56228E-02
 133    32.00    44.00     0.00   168.00    0.10000E-01    0.59867E-02
 134    32.00    45.00     0.00   167.00    0.10000E-01    0.63528E-02
 135    32.00    46.00     0.00   166.00    0.10000E-01    0.67406E-02
 136    32.00    47.00     0.00   165.00    0.10000E-01    0.71586E-02
 137    32.00    48.00     0.00   164.00    0.10000E-01    0.75789E-02
 138    32.00    49.00     0.00   163.00    0.10000E-01    0.80016E-02
 139    32.00    50.00     0.00   162.00    0.10000E-01    0.84266E-02
 140    32.00    51.00     0.00   161.00    0.10000E-01    0.88887E-02
 141    32.00    52.00     0.00   160.00    0.10000E-01    0.93657E-02
 142    32.00    53.00     0.00   159.00    0.10000E-01    0.98452E-02
 143    32.00    54.00     0.00   158.00    0.10000E-01    0.10327E-01
 144    32.00    55.00     0.00   157.00    0.10000E-01    0.10815E-01
 145    32.00    56.00     0.00   156.00    0.10000E-01    0.11348E-01
 146    32.00    57.00     0.00   155.00    0.10000E-01    0.11884E-01
 147    32.00    58.00     0.00   154.00    0.10000E-01    0.12423E-01
 148    32.00    59.00     0.00   153.00    0.10000E-01    0.12965E-01
 149    32.00    60.00     0.00   152.00    0.10000E-01    0.13527E-01
 150    32.00    61.00     0.00   151.00    0.10000E-01    0.14119E-01
 151    32.00    32.00     0.00   180.00    0.10000E-01    0.23681E-02
 152    32.00    33.00     0.00   179.00    0.10000E-01    0.26204E-02
 153    32.00    34.00     0.00   178.00    0.10000E-01    0.28717E-02
 154    32.00    35.00     0.00   177.00    0.10000E-01    0.31238E-02
 155    32.00    36.00     0.00   176.00    0.10000E-01    0.33775E-02
 156    32.00    37.00     0.00   175.00    0.10000E-01    0.36686E-02
 157    32.00    38.00     0.00   174.00    0.10000E-01    0.39727E-02
 158    32.00    39.00     0.00   173.00    0.10000E-01    0.42789E-02
 159    32.00    40.00     0.00   172.00    0.10000E-01    0.45871E-02
 160    32.00    41.00     0.00   171.00    0.10000E-01    0.49014E-02
 161    32.00    42.00     0.00   170.00    0.10000E-01    0.52610E-02
 162    32.00    43.00     0.00   169.00    0.10000E-01    0.56228E-02
 163    32.00    44.00     0.00   168.00    0.10000E-01    0.59867E-02
 164    32.00    45.00     0.00   167.00    0.10000E-01    0.63528E-02
 165    32.00    46.00     0.00   166.00    0.10000E-01    0.67406E-02
 166    32.00    47.00     0.00   165.00    0.10000E-01    0.71586E-02
 167    32.00    48.00     0.00   164.00    0.10000E-01    0.75789E-02
 168    32.00    49.00     0.00   163.00    0.10000E-01    0.80016E-02
 169    32.00    50.00     0.00   162.00    0.10000E-01    0.84266E-02
 170    32.00    51.00     0.00   161.00    0.10000E-01    0.88887E-02
 171    32.00    52.00     0.00   160.00    0.10000E-01    0.93657E-02
 172    32.00    53.00     0.00   159.00    0.10000E-01    0.98452E-02
 173    32.00    54.00     0.00   158.00    0.10000E-01    0.10327E-01
 174    32.00    55.00     0.00   157.00    0.10000E-01    0.10815E-01
 175    32.00    56.00     0.00   156.00    0.10000E-01    0.11348E-01
 176    32.00    57.00     0.00   155.00    0.10000E-01    0.11884E-01
 177    32.00    58.00     0.00   154.00    0.10000E-01    0.12423E-01
 178    32.00    59.00     0.00   153.00    0.10000E-01    0.12965E-01
 179    32.00    60.00     0.00   152.00    0.10000E-01    0.13527E-01
 180    32.00    61.00     0.00   151.00    0.10000E-01    0.14119E-01
   #      sza      vis      fis  sca_ang       meas_U/I        fit_U/I
   1    32.00    32.00     0.00   180.00    0.10000E-01   -0.50054E-09
   2    32.00    33.00     0.00   179.00    0.10000E-01   -0.53403E-09
   3    32.00    34.00     0.00   178.00    0.10000E-01   -0.56683E-09
   4    32.00    35.00     0.00   177.00    0.10000E-01   -0.59941E-09
   5    32.00    36.00     0.00   176.00    0.10000E-01   -0.63189E-09
   6    32.00    37.00     0.00   175.00    0.10000E-01   -0.66800E-09
   7    32.00    38.00     0.00   174.00    0.10000E-01   -0.70525E-09
   8    32.00    39.00     0.00   173.00    0.10000E-01   -0.74251E-09
   9    32.00    40.00     0.00   172.00    0.10000E-01   -0.77979E-09
  10    32.00    41.00     0.00   171.00    0.10000E-01   -0.81751E-09
  11    32.00    42.00     0.00   170.00    0.10000E-01   -0.85983E-09
  12    32.00    43.00     0.00   169.00    0.10000E-01   -0.90219E-09
  13    32.00    44.00     0.00   168.00    0.10000E-01   -0.94458E-09
  14    32.00    45.00     0.00   167.00    0.10000E-01   -0.98700E-09
  15    32.00    46.00     0.00   166.00    0.10000E-01   -0.10316E-08
  16    32.00    47.00     0.00   165.00    0.10000E-01   -0.10793E-08
  17    32.00    48.00     0.00   164.00    0.10000E-01   -0.11270E-08
  18    32.00    49.00     0.00   163.00    0.10000E-01   -0.11748E-08
  19    32.00    50.00     0.00   162.00    0.10000E-01   -0.12226E-08
  20    32.00    51.00     0.00   161.00    0.10000E-01   -0.12744E-08
  21    32.00    52.00     0.00   160.00    0.10000E-01   -0.13277E-08
  22    32.00    53.00     0.00   159.00    0.10000E-01   -0.13810E-08
  23    32.00    54.00     0.00   158.00    0.10000E-01   -0.14344E-08
  24    32.00    55.00     0.00   157.00    0.10000E-01   -0.14882E-08
  25    32.00    56.00     0.00   156.00    0.10000E-01   -0.15472E-08
  26    32.00    57.00     0.00   155.00    0.10000E-01   -0.16062E-08
  27    32.00    58.00     0.00   154.00    0.10000E-01   -0.16653E-08
  28    32.00    59.00     0.00   153.00    0.10000E-01   -0.17244E-08
  29    32.00    60.00     0.00   152.00    0.10000E-01   -0.17858E-08
  30    32.00    61.00     0.00   151.00    0.10000E-01   -0.18508E-08
  31    32.00    32.00     0.00   180.00    0.10000E-01   -0.50054E-09
  32    32.00    33.00     0.00   179.00    0.10000E-01   -0.53403E-09
  33    32.00    34.00     0.00   178.00    0.10000E-01   -0.56683E-09
  34    32.00    35.00     0.00   177.00    0.10000E-01   -0.59941E-09
  35    32.00    36.00     0.00   176.00    0.10000E-01   -0.63189E-09
  36    32.00    37.00     0.00   175.00    0.10000E-01   -0.66800E-09
  37    32.00    38.00     0.00   174.00    0.10000E-01   -0.70525E-09
  38    32.00    39.00     0.00   173.00    0.10000E-01   -0.74251E-09
  39    32.00    40.00     0.00   172.00    0.10000E-01   -0.77979E-09
  40    32.00    41.00     0.00   171.00    0.10000E-01   -0.81751E-09
  41    32.00    42.00     0.00   170.00    0.10000E-01   -0.85983E-09
  42    32.00    43.00     0.00   169.00    0.10000E-01   -0.90219E-09
  43    32.00    44.00     0.00   168.00    0.10000E-01   -0.94458E-09
  44    32.00    45.00     0.00   167.00    0.10000E-01   -0.98700E-09
  45    32.00    46.00     0.00   166.00    0.10000E-01   -0.10316E-08
  46    32.00    47.00     0.00   165.00    0.10000E-01   -0.10793E-08
  47    32.00    48.00     0.00   164.00    0.10000E-01   -0.11270E-08
  48    32.00    49.00     0.00   163.00    0.10000E-01   -0.11748E-08
  49    32.00    50.00     0.00   162.00    0.10000E-01   -0.12226E-08
  50    32.00    51.00     0.00   161.00    0.10000E-01   -0.12744E-08
  51    32.00    52.00     0.00   160.00    0.10000E-01   -0.13277E-08
  52    32.00    53.00     0.00   159.00    0.10000E-01   -0.13810E-08
  53    32.00    54.00     0.00   158.00    0.10000E-01   -0.14344E-08
  54    32.00    55.00     0.00   157.00    0.10000E-01   -0.14882E-08
  55    32.00    56.00     0.00   156.00    0.10000E-01   -0.15472E-08
  56    32.00    57.00     0.00   155.00    0.10000E-01   -0.16062E-08
  57    32.00    58.00     0.00   154.00    0.10000E-01   -0.16653E-08
  58    32.00    59.00     0.00   153.00    0.10000E-01   -0.17244E-08
  59    32.00    60.00     0.00   152.00    0.10000E-01   -0.17858E-08
  60    32.00    61.00     0.00   151.00    0.10000E-01   -0.18508E-08
  61    32.00    32.00     0.00   180.00    0.10000E-01   -0.50054E-09
  62    32.00    33.00     0.00   179.00    0.10000E-01   -0.53403E-09
  63    32.00    34.00     0.00   178.00    0.10000E-01   -0.56683E-09
  64    32.00    35.00     0.00   177.00    0.10000E-01   -0.59941E-09
  65    32.00    36.00     0.00   176.00    0.10000E-01   -0.63189E-09
  66    32.00    37.00     0.00   175.00    0.10000E-01   -0.66800E-09
  67    32.00    38.00     0.00   174.00    0.10000E-01   -0.70525E-09
  68    32.00    39.00     0.00   173.00    0.10000E-01   -0.74251E-09
  69    32.00    40.00     0.00   172.00    0.10000E-01   -0.77979E-09
  70    32.00    41.00     0.00   171.00    0.10000E-01   -0.81751E-09
  71    32.00    42.00     0.00   170.00    0.10000E-01   -0.85983E-09
  72    32.00    43.00     0.00   169.00    0.10000E-01   -0.90219E-09
  73    32.00    44.00     0.00   168.00    0.10000E-01   -0.94458E-09
  74    32.00    45.00     0.00   167.00    0.10000E-01   -0.98700E-09
  75    32.00    46.00     0.00   166.00    0.10000E-01   -0.10316E-08
  76    32.00    47.00     0.00   165.00    0.10000E-01   -0.10793E-08
  77    32.00    48.00     0.00   164.00    0.10000E-01   -0.11270E-08
  78    32.00    49.00     0.00   163.00    0.10000E-01   -0.11748E-08
  79    32.00    50.00     0.00   162.00    0.10000E-01   -0.12226E-08
  80    32.00    51.00     0.00   161.00    0.10000E-01   -0.12744E-08
  81    32.00    52.00     0.00   160.00    0.10000E-01   -0.13277E-08
  82    32.00    53.00     0.00   159.00    0.10000E-01   -0.13810E-08
  83    32.00    54.00     0.00   158.00    0.10000E-01   -0.14344E-08
  84    32.00    55.00     0.00   157.00    0.10000E-01   -0.14882E-08
  85    32.00    56.00     0.00   156.00    0.10000E-01   -0.15472E-08
  86    32.00    57.00     0.00   155.00    0.10000E-01   -0.16062E-08
  87    32.00    58.00     0.00   154.00    0.10000E-01   -0.16653E-08
  88    32.00    59.00     0.00   153.00    0.10000E-01   -0.17244E-08
  89    32.00    60.00     0.00   152.00    0.10000E-01   -0.17858E-08
  90    32.00    61.00     0.00   151.00    0.10000E-01   -0.18508E-08
  91    32.00    32.00     0.00   180.00    0.10000E-01   -0.50054E-09
  92    32.00    33.00     0.00   179.00    0.10000E-01   -0.53403E-09
  93    32.00    34.00     0.00   178.00    0.10000E-01   -0.56683E-09
  94    32.00    35.00     0.00   177.00    0.10000E-01   -0.59941E-09
  95    32.00    36.00     0.00   176.00    0.10000E-01   -0.63189E-09
  96    32.00    37.00     0.00   175.00    0.10000E-01   -0.66800E-09
  97    32.00    38.00     0.00   174.00    0.10000E-01   -0.70525E-09
  98    32.00    39.00     0.00   173.00    0.10000E-01   -0.74251E-09
  99    32.00    40.00     0.00   172.00    0.10000E-01   -0.77979E-09
 100    32.00    41.00     0.00   171.00    0.10000E-01   -0.81751E-09
 101    32.00    42.00     0.00   170.00    0.10000E-01   -0.85983E-09
 102    32.00    43.00     0.00   169.00    0.10000E-01   -0.90219E-09
 103    32.00    44.00     0.00   168.00    0.10000E-01   -0.94458E-09
 104    32.00    45.00     0.00   167.00    0.10000E-01   -0.98700E-09
 105    32.00    46.00     0.00   166.00    0.10000E-01   -0.10316E-08
 106    32.00    47.00     0.00   165.00    0.10000E-01   -0.10793E-08
 107    32.00    48.00     0.00   164.00    0.10000E-01   -0.11270E-08
 108    32.00    49.00     0.00   163.00    0.10000E-01   -0.11748E-08
 109    32.00    50.00     0.00   162.00    0.10000E-01   -0.12226E-08
 110    32.00    51.00     0.00   161.00    0.10000E-01   -0.12744E-08
 111    32.00    52.00     0.00   160.00    0.10000E-01   -0.13277E-08
 112    32.00    53.00     0.00   159.00    0.10000E-01   -0.13810E-08
 113    32.00    54.00     0.00   158.00    0.10000E-01   -0.14344E-08
 114    32.00    55.00     0.00   157.00    0.10000E-01   -0.14882E-08
 115    32.00    56.00     0.00   156.00    0.10000E-01   -0.15472E-08
 116    32.00    57.00     0.00   155.00    0.10000E-01   -0.16062E-08
 117    32.00    58.00     0.00   154.00    0.10000E-01   -0.16653E-08
 118    32.00    59.00     0.00   153.00    0.10000E-01   -0.17244E-08
 119    32.00    60.00     0.00   152.00    0.10000E-01   -0.17858E-08
 120    32.00    61.00     0.00   151.00    0.10000E-01   -0.18508E-08
 121    32.00    32.00     0.00   180.00    0.10000E-01   -0.50054E-09
 122    32.00    33.00     0.00   179.00    0.10000E-01   -0.53403E-09
 123    32.00    34.00     0.00   178.00    0.10000E-01   -0.56683E-09
 124    32.00    35.00     0.00   177.00    0.10000E-01   -0.59941E-09
 125    32.00    36.00     0.00   176.00    0.10000E-01   -0.63189E-09
 126    32.00    37.00     0.00   175.00    0.10000E-01   -0.66800E-09
 127    32.00    38.00     0.00   174.00    0.10000E-01   -0.70525E-09
 128    32.00    39.00     0.00   173.00    0.10000E-01   -0.74251E-09
 129    32.00    40.00     0.00   172.00    0.10000E-01   -0.77979E-09
 130    32.00    41.00     0.00   171.00    0.10000E-01   -0.81751E-09
 131    32.00    42.00     0.00   170.00    0.10000E-01   -0.85983E-09
 132    32.00    43.00     0.00   169.00    0.10000E-01   -0.90219E-09
 133    32.00    44.00     0.00   168.00    0.10000E-01   -0.94458E-09
 134    32.00    45.00     0.00   167.00    0.10000E-01   -0.98700E-09
 135    32.00    46.00     0.00   166.00    0.10000E-01   -0.10316E-08
 136    32.00    47.00     0.00   165.00    0.10000E-01   -0.10793E-08
 137    32.00    48.00     0.00   164.00    0.10000E-01   -0.11270E-08
 138    32.00    49.00     0.00   163.00    0.10000E-01   -0.11748E-08
 139    32.00    50.00     0.00   162.00    0.10000E-01   -0.12226E-08
 140    32.00    51.00     0.00   161.00    0.10000E-01   -0.12744E-08
 141    32.00    52.00     0.00   160.00    0.10000E-01   -0.13277E-08
 142    32.00    53.00     0.00   159.00    0.10000E-01   -0.13810E-08
 143    32.00    54.00     0.00   158.00    0.10000E-01   -0.14344E-08
 144    32.00    55.00     0.00   157.00    0.10000E-01   -0.14882E-08
 145    32.00    56.00     0.00   156.00    0.10000E-01   -0.15472E-08
 146    32.00    57.00     0.00   155.00    0.10000E-01   -0.16062E-08
 147    32.00    58.00     0.00   154.00    0.10000E-01   -0.16653E-08
 148    32.00    59.00     0.00   153.00    0.10000E-01   -0.17244E-08
 149    32.00    60.00     0.00   152.00    0.10000E-01   -0.17858E-08
 150    32.00    61.00     0.00   151.00    0.10000E-01   -0.18508E-08
 151    32.00    32.00     0.00   180.00    0.10000E-01   -0.50054E-09
 152    32.00    33.00     0.00   179.00    0.10000E-01   -0.53403E-09
 153    32.00    34.00     0.00   178.00    0.10000E-01   -0.56683E-09
 154    32.00    35.00     0.00   177.00    0.10000E-01   -0.59941E-09
 155    32.00    36.00     0.00   176.00    0.10000E-01   -0.63189E-09
 156    32.00    37.00     0.00   175.00    0.10000E-01   -0.66800E-09
 157    32.00    38.00     0.00   174.00    0.10000E-01   -0.70525E-09
 158    32.00    39.00     0.00   173.00    0.10000E-01   -0.74251E-09
 159    32.00    40.00     0.00   172.00    0.10000E-01   -0.77979E-09
 160    32.00    41.00     0.00   171.00    0.10000E-01   -0.81751E-09
 161    32.00    42.00     0.00   170.00    0.10000E-01   -0.85983E-09
 162    32.00    43.00     0.00   169.00    0.10000E-01   -0.90219E-09
 163    32.00    44.00     0.00   168.00    0.10000E-01   -0.94458E-09
 164    32.00    45.00     0.00   167.00    0.10000E-01   -0.98700E-09
 165    32.00    46.00     0.00   166.00    0.10000E-01   -0.10316E-08
 166    32.00    47.00     0.00   165.00    0.10000E-01   -0.10793E-08
 167    32.00    48.00     0.00   164.00    0.10000E-01   -0.11270E-08
 168    32.00    49.00     0.00   163.00    0.10000E-01   -0.11748E-08
 169    32.00    50.00     0.00   162.00    0.10000E-01   -0.12226E-08
 170    32.00    51.00     0.00   161.00    0.10000E-01   -0.12744E-08
 171    32.00    52.00     0.00   160.00    0.10000E-01   -0.13277E-08
 172    32.00    53.00     0.00   159.00    0.10000E-01   -0.13810E-08
 173    32.00    54.00     0.00   158.00    0.10000E-01   -0.14344E-08
 174    32.00    55.00     0.00   157.00    0.10000E-01   -0.14882E-08
 175    32.00    56.00     0.00   156.00    0.10000E-01   -0.15472E-08
 176    32.00    57.00     0.00   155.00    0.10000E-01   -0.16062E-08
 177    32.00    58.00     0.00   154.00    0.10000E-01   -0.16653E-08
 178    32.00    59.00     0.00   153.00    0.10000E-01   -0.17244E-08
 179    32.00    60.00     0.00   152.00    0.10000E-01   -0.17858E-08
 180    32.00    61.00     0.00   151.00    0.10000E-01   -0.18508E-08