  #      sza      vis      fis  sca_ang         meas_I          fit_I
   1    32.00    32.00     0.00   180.00    0.10000E+02    0.74622E-01
   2    32.00    33.00     0.00   179.00    0.10000E+02    0.73000E-01
   3    32.00    34.00     0.00   178.00    0.10000E+02    0.72264E-01
   4    32.00    35.00     0.00   177.00    0.10000E+02    0.71823E-01
   5    32.00    36.00     0.00   176.00    0.10000E+02    0.71515E-01
   6    32.00    37.00     0.00   175.00    0.10000E+02    0.71281E-01
   7    32.00    38.00     0.00   174.00    0.10000E+02    0.71091E-01
   8    32.00    39.00     0.00   173.00    0.10000E+02    0.70927E-01
   9    32.00    40.00     0.00   172.00    0.10000E+02    0.70781E-01
  10    32.00    41.00     0.00   171.00    0.10000E+02    0.70647E-01
  11    32.00    42.00     0.00   170.00    0.10000E+02    0.70527E-01
  12    32.00    43.00     0.00   169.00    0.10000E+02    0.70413E-01
  13    32.00    44.00     0.00   168.00    0.10000E+02    0.70303E-01
  14    32.00    45.00     0.00   167.00    0.10000E+02    0.70196E-01
  15    32.00    46.00     0.00   166.00    0.10000E+02    0.70093E-01
  16    32.00    47.00     0.00   165.00    0.10000E+02    0.69996E-01
  17    32.00    48.00     0.00   164.00    0.10000E+02    0.69899E-01
  18    32.00    49.00     0.00   163.00    0.10000E+02    0.69802E-01
  19    32.00    50.00     0.00   162.00    0.10000E+02    0.69705E-01
  20    32.00    51.00     0.00   161.00    0.10000E+02    0.69614E-01
  21    32.00    52.00     0.00   160.00    0.10000E+02    0.69525E-01
  22    32.00    53.00     0.00   159.00    0.10000E+02    0.69434E-01
  23    32.00    54.00     0.00   158.00    0.10000E+02    0.69342E-01
  24    32.00    55.00     0.00   157.00    0.10000E+02    0.69250E-01
  25    32.00    56.00     0.00   156.00    0.10000E+02    0.69168E-01
  26    32.00    57.00     0.00   155.00    0.10000E+02    0.69084E-01
  27    32.00    58.00     0.00   154.00    0.10000E+02    0.68999E-01
  28    32.00    59.00     0.00   153.00    0.10000E+02    0.68913E-01
  29    32.00    60.00     0.00   152.00    0.10000E+02    0.68833E-01
  30    32.00    61.00     0.00   151.00    0.10000E+02    0.68763E-01
  31    32.00    32.00     0.00   180.00    0.10000E+02    0.74622E-01
  32    32.00    33.00     0.00   179.00    0.10000E+02    0.73000E-01
  33    32.00    34.00     0.00   178.00    0.10000E+02    0.72264E-01
  34    32.00    35.00     0.00   177.00    0.10000E+02    0.71823E-01
  35    32.00    36.00     0.00   176.00    0.10000E+02    0.71515E-01
  36    32.00    37.00     0.00   175.00    0.10000E+02    0.71281E-01
  37    32.00    38.00     0.00   174.00    0.10000E+02    0.71091E-01
  38    32.00    39.00     0.00   173.00    0.10000E+02    0.70927E-01
  39    32.00    40.00     0.00   172.00    0.10000E+02    0.70781E-01
  40    32.00    41.00     0.00   171.00    0.10000E+02    0.70647E-01
  41    32.00    42.00     0.00   170.00    0.10000E+02    0.70527E-01
  42    32.00    43.00     0.00   169.00    0.10000E+02    0.70413E-01
  43    32.00    44.00     0.00   168.00    0.10000E+02    0.70303E-01
  44    32.00    45.00     0.00   167.00    0.10000E+02    0.70196E-01
  45    32.00    46.00     0.00   166.00    0.10000E+02    0.70093E-01
  46    32.00    47.00     0.00   165.00    0.10000E+02    0.69996E-01
  47    32.00    48.00     0.00   164.00    0.10000E+02    0.69899E-01
  48    32.00    49.00     0.00   163.00    0.10000E+02    0.69802E-01
  49    32.00    50.00     0.00   162.00    0.10000E+02    0.69705E-01
  50    32.00    51.00     0.00   161.00    0.10000E+02    0.69614E-01
  51    32.00    52.00     0.00   160.00    0.10000E+02    0.69525E-01
  52    32.00    53.00     0.00   159.00    0.10000E+02    0.69434E-01
  53    32.00    54.00     0.00   158.00    0.10000E+02    0.69342E-01
  54    32.00    55.00     0.00   157.00    0.10000E+02    0.69250E-01
  55    32.00    56.00     0.00   156.00    0.10000E+02    0.69168E-01
  56    32.00    57.00     0.00   155.00    0.10000E+02    0.69084E-01
  57    32.00    58.00     0.00   154.00    0.10000E+02    0.68999E-01
  58    32.00    59.00     0.00   153.00    0.10000E+02    0.68913E-01
  59    32.00    60.00     0.00   152.00    0.10000E+02    0.68833E-01
  60    32.00    61.00     0.00   151.00    0.10000E+02    0.68763E-01
  61    32.00    32.00     0.00   180.00    0.10000E+02    0.74622E-01
  62    32.00    33.00     0.00   179.00    0.10000E+02    0.73000E-01
  63    32.00    34.00     0.00   178.00    0.10000E+02    0.72264E-01
  64    32.00    35.00     0.00   177.00    0.10000E+02    0.71823E-01
  65    32.00    36.00     0.00   176.00    0.10000E+02    0.71515E-01
  66    32.00    37.00     0.00   175.00    0.10000E+02    0.71281E-01
  67    32.00    38.00     0.00   174.00    0.10000E+02    0.71091E-01
  68    32.00    39.00     0.00   173.00    0.10000E+02    0.70927E-01
  69    32.00    40.00     0.00   172.00    0.10000E+02    0.70781E-01
  70    32.00    41.00     0.00   171.00    0.10000E+02    0.70647E-01
  71    32.00    42.00     0.00   170.00    0.10000E+02    0.70527E-01
  72    32.00    43.00     0.00   169.00    0.10000E+02    0.70413E-01
  73    32.00    44.00     0.00   168.00    0.10000E+02    0.70303E-01
  74    32.00    45.00     0.00   167.00    0.10000E+02    0.70196E-01
  75    32.00    46.00     0.00   166.00    0.10000E+02    0.70093E-01
  76    32.00    47.00     0.00   165.00    0.10000E+02    0.69996E-01
  77    32.00    48.00     0.00   164.00    0.10000E+02    0.69899E-01
  78    32.00    49.00     0.00   163.00    0.10000E+02    0.69802E-01
  79    32.00    50.00     0.00   162.00    0.10000E+02    0.69705E-01
  80    32.00    51.00     0.00   161.00    0.10000E+02    0.69614E-01
  81    32.00    52.00     0.00   160.00    0.10000E+02    0.69525E-01
  82    32.00    53.00     0.00   159.00    0.10000E+02    0.69434E-01
  83    32.00    54.00     0.00   158.00    0.10000E+02    0.69342E-01
  84    32.00    55.00     0.00   157.00    0.10000E+02    0.69250E-01
  85    32.00    56.00     0.00   156.00    0.10000E+02    0.69168E-01
  86    32.00    57.00     0.00   155.00    0.10000E+02    0.69084E-01
  87    32.00    58.00     0.00   154.00    0.10000E+02    0.68999E-01
  88    32.00    59.00     0.00   153.00    0.10000E+02    0.68913E-01
  89    32.00    60.00     0.00   152.00    0.10000E+02    0.68833E-01
  90    32.00    61.00     0.00   151.00    0.10000E+02    0.68763E-01
  91    32.00    32.00     0.00   180.00    0.10000E+02    0.74622E-01
  92    32.00    33.00     0.00   179.00    0.10000E+02    0.73000E-01
  93    32.00    34.00     0.00   178.00    0.10000E+02    0.72264E-01
  94    32.00    35.00     0.00   177.00    0.10000E+02    0.71823E-01
  95    32.00    36.00     0.00   176.00    0.10000E+02    0.71515E-01
  96    32.00    37.00     0.00   175.00    0.10000E+02    0.71281E-01
  97    32.00    38.00     0.00   174.00    0.10000E+02    0.71091E-01
  98    32.00    39.00     0.00   173.00    0.10000E+02    0.70927E-01
  99    32.00    40.00     0.00   172.00    0.10000E+02    0.70781E-01
 100    32.00    41.00     0.00   171.00    0.10000E+02    0.70647E-01
 101    32.00    42.00     0.00   170.00    0.10000E+02    0.70527E-01
 102    32.00    43.00     0.00   169.00    0.10000E+02    0.70413E-01
 103    32.00    44.00     0.00   168.00    0.10000E+02    0.70303E-01
 104    32.00    45.00     0.00   167.00    0.10000E+02    0.70196E-01
 105    32.00    46.00     0.00   166.00    0.10000E+02    0.70093E-01
 106    32.00    47.00     0.00   165.00    0.10000E+02    0.69996E-01
 107    32.00    48.00     0.00   164.00    0.10000E+02    0.69899E-01
 108    32.00    49.00     0.00   163.00    0.10000E+02    0.69802E-01
 109    32.00    50.00     0.00   162.00    0.10000E+02    0.69705E-01
 110    32.00    51.00     0.00   161.00    0.10000E+02    0.69614E-01
 111    32.00    52.00     0.00   160.00    0.10000E+02    0.69525E-01
 112    32.00    53.00     0.00   159.00    0.10000E+02    0.69434E-01
 113    32.00    54.00     0.00   158.00    0.10000E+02    0.69342E-01
 114    32.00    55.00     0.00   157.00    0.10000E+02    0.69250E-01
 115    32.00    56.00     0.00   156.00    0.10000E+02    0.69168E-01
 116    32.00    57.00     0.00   155.00    0.10000E+02    0.69084E-01
 117    32.00    58.00     0.00   154.00    0.10000E+02    0.68999E-01
 118    32.00    59.00     0.00   153.00    0.10000E+02    0.68913E-01
 119    32.00    60.00     0.00   152.00    0.10000E+02    0.68833E-01
 120    32.00    61.00     0.00   151.00    0.10000E+02    0.68763E-01
 121    32.00    32.00     0.00   180.00    0.10000E+02    0.74622E-01
 122    32.00    33.00     0.00   179.00    0.10000E+02    0.73000E-01
 123    32.00    34.00     0.00   178.00    0.10000E+02    0.72264E-01
 124    32.00    35.00     0.00   177.00    0.10000E+02    0.71823E-01
 125    32.00    36.00     0.00   176.00    0.10000E+02    0.71515E-01
 126    32.00    37.00     0.00   175.00    0.10000E+02    0.71281E-01
 127    32.00    38.00     0.00   174.00    0.10000E+02    0.71091E-01
 128    32.00    39.00     0.00   173.00    0.10000E+02    0.70927E-01
 129    32.00    40.00     0.00   172.00    0.10000E+02    0.70781E-01
 130    32.00    41.00     0.00   171.00    0.10000E+02    0.70647E-01
 131    32.00    42.00     0.00   170.00    0.10000E+02    0.70527E-01
 132    32.00    43.00     0.00   169.00    0.10000E+02    0.70413E-01
 133    32.00    44.00     0.00   168.00    0.10000E+02    0.70303E-01
 134    32.00    45.00     0.00   167.00    0.10000E+02    0.70196E-01
 135    32.00    46.00     0.00   166.00    0.10000E+02    0.70093E-01
 136    32.00    47.00     0.00   165.00    0.10000E+02    0.69996E-01
 137    32.00    48.00     0.00   164.00    0.10000E+02    0.69899E-01
 138    32.00    49.00     0.00   163.00    0.10000E+02    0.69802E-01
 139    32.00    50.00     0.00   162.00    0.10000E+02    0.69705E-01
 140    32.00    51.00     0.00   161.00    0.10000E+02    0.69614E-01
 141    32.00    52.00     0.00   160.00    0.10000E+02    0.69525E-01
 142    32.00    53.00     0.00   159.00    0.10000E+02    0.69434E-01
 143    32.00    54.00     0.00   158.00    0.10000E+02    0.69342E-01
 144    32.00    55.00     0.00   157.00    0.10000E+02    0.69250E-01
 145    32.00    56.00     0.00   156.00    0.10000E+02    0.69168E-01
 146    32.00    57.00     0.00   155.00    0.10000E+02    0.69084E-01
 147    32.00    58.00     0.00   154.00    0.10000E+02    0.68999E-01
 148    32.00    59.00     0.00   153.00    0.10000E+02    0.68913E-01
 149    32.00    60.00     0.00   152.00    0.10000E+02    0.68833E-01
 150    32.00    61.00     0.00   151.00    0.10000E+02    0.68763E-01
 151    32.00    32.00     0.00   180.00    0.10000E+02    0.74622E-01
 152    32.00    33.00     0.00   179.00    0.10000E+02    0.73000E-01
 153    32.00    34.00     0.00   178.00    0.10000E+02    0.72264E-01
 154    32.00    35.00     0.00   177.00    0.10000E+02    0.71823E-01
 155    32.00    36.00     0.00   176.00    0.10000E+02    0.71515E-01
 156    32.00    37.00     0.00   175.00    0.10000E+02    0.71281E-01
 157    32.00    38.00     0.00   174.00    0.10000E+02    0.71091E-01
 158    32.00    39.00     0.00   173.00    0.10000E+02    0.70927E-01
 159    32.00    40.00     0.00   172.00    0.10000E+02    0.70781E-01
 160    32.00    41.00     0.00   171.00    0.10000E+02    0.70647E-01
 161    32.00    42.00     0.00   170.00    0.10000E+02    0.70527E-01
 162    32.00    43.00     0.00   169.00    0.10000E+02    0.70413E-01
 163    32.00    44.00     0.00   168.00    0.10000E+02    0.70303E-01
 164    32.00    45.00     0.00   167.00    0.10000E+02    0.70196E-01
 165    32.00    46.00     0.00   166.00    0.10000E+02    0.70093E-01
 166    32.00    47.00     0.00   165.00    0.10000E+02    0.69996E-01
 167    32.00    48.00     0.00   164.00    0.10000E+02    0.69899E-01
 168    32.00    49.00     0.00   163.00    0.10000E+02    0.69802E-01
 169    32.00    50.00     0.00   162.00    0.10000E+02    0.69705E-01
 170    32.00    51.00     0.00   161.00    0.10000E+02    0.69614E-01
 171    32.00    52.00     0.00   160.00    0.10000E+02    0.69525E-01
 172    32.00    53.00     0.00   159.00    0.10000E+02    0.69434E-01
 173    32.00    54.00     0.00   158.00    0.10000E+02    0.69342E-01
 174    32.00    55.00     0.00   157.00    0.10000E+02    0.69250E-01
 175    32.00    56.00     0.00   156.00    0.10000E+02    0.69168E-01
 176    32.00    57.00     0.00   155.00    0.10000E+02    0.69084E-01
 177    32.00    58.00     0.00   154.00    0.10000E+02    0.68999E-01
 178    32.00    59.00     0.00   153.00    0.10000E+02    0.68913E-01
 179    32.00    60.00     0.00   152.00    0.10000E+02    0.68833E-01
 180    32.00    61.00     0.00   151.00    0.10000E+02    0.68763E-01
   #      sza      vis      fis  sca_ang       meas_Q/I        fit_Q/I
   1    32.00    32.00     0.00   180.00    0.10000E-01    0.24278E-02
   2    32.00    33.00     0.00   179.00    0.10000E-01    0.25995E-02
   3    32.00    34.00     0.00   178.00    0.10000E-01    0.27594E-02
   4    32.00    35.00     0.00   177.00    0.10000E-01    0.29251E-02
   5    32.00    36.00     0.00   176.00    0.10000E-01    0.31017E-02
   6    32.00    37.00     0.00   175.00    0.10000E-01    0.32982E-02
   7    32.00    38.00     0.00   174.00    0.10000E-01    0.35106E-02
   8    32.00    39.00     0.00   173.00    0.10000E-01    0.37373E-02
   9    32.00    40.00     0.00   172.00    0.10000E-01    0.39785E-02
  10    32.00    41.00     0.00   171.00    0.10000E-01    0.42354E-02
  11    32.00    42.00     0.00   170.00    0.10000E-01    0.45146E-02
  12    32.00    43.00     0.00   169.00    0.10000E-01    0.48091E-02
  13    32.00    44.00     0.00   168.00    0.10000E-01    0.51191E-02
  14    32.00    45.00     0.00   167.00    0.10000E-01    0.54448E-02
  15    32.00    46.00     0.00   166.00    0.10000E-01    0.57890E-02
  16    32.00    47.00     0.00   165.00    0.10000E-01    0.61529E-02
  17    32.00    48.00     0.00   164.00    0.10000E-01    0.65332E-02
  18    32.00    49.00     0.00   163.00    0.10000E-01    0.69303E-02
  19    32.00    50.00     0.00   162.00    0.10000E-01    0.73444E-02
  20    32.00    51.00     0.00   161.00    0.10000E-01    0.77783E-02
  21    32.00    52.00     0.00   160.00    0.10000E-01    0.82308E-02
  22    32.00    53.00     0.00   159.00    0.10000E-01    0.87013E-02
  23    32.00    54.00     0.00   158.00    0.10000E-01    0.91904E-02
  24    32.00    55.00     0.00   157.00    0.10000E-01    0.96985E-02
  25    32.00    56.00     0.00   156.00    0.10000E-01    0.10225E-01
  26    32.00    57.00     0.00   155.00    0.10000E-01    0.10772E-01
  27    32.00    58.00     0.00   154.00    0.10000E-01    0.11338E-01
  28    32.00    59.00     0.00   153.00    0.10000E-01    0.11926E-01
  29    32.00    60.00     0.00   152.00    0.10000E-01    0.12533E-01
  30    32.00    61.00     0.00   151.00    0.10000E-01    0.13157E-01
  31    32.00    32.00     0.00   180.00    0.10000E-01    0.24278E-02
  32    32.00    33.00     0.00   179.00    0.10000E-01    0.25995E-02
  33    32.00    34.00     0.00   178.00    0.10000E-01    0.27594E-02
  34    32.00    35.00     0.00   177.00    0.10000E-01    0.29251E-02
  35    32.00    36.00     0.00   176.00    0.10000E-01    0.31017E-02
  36    32.00    37.00     0.00   175.00    0.10000E-01    0.32982E-02
  37    32.00    38.00     0.00   174.00    0.10000E-01    0.35106E-02
  38    32.00    39.00     0.00   173.00    0.10000E-01    0.37373E-02
  39    32.00    40.00     0.00   172.00    0.10000E-01    0.39785E-02
  40    32.00    41.00     0.00   171.00    0.10000E-01    0.42354E-02
  41    32.00    42.00     0.00   170.00    0.10000E-01    0.45146E-02
  42    32.00    43.00     0.00   169.00    0.10000E-01    0.48091E-02
  43    32.00    44.00     0.00   168.00    0.10000E-01    0.51191E-02
  44    32.00    45.00     0.00   167.00    0.10000E-01    0.54448E-02
  45    32.00    46.00     0.00   166.00    0.10000E-01    0.57890E-02
  46    32.00    47.00     0.00   165.00    0.10000E-01    0.61529E-02
  47    32.00    48.00     0.00   164.00    0.10000E-01    0.65332E-02
  48    32.00    49.00     0.00   163.00    0.10000E-01    0.69303E-02
  49    32.00    50.00     0.00   162.00    0.10000E-01    0.73444E-02
  50    32.00    51.00     0.00   161.00    0.10000E-01    0.77783E-02
  51    32.00    52.00     0.00   160.00    0.10000E-01    0.82308E-02
  52    32.00    53.00     0.00   159.00    0.10000E-01    0.87013E-02
  53    32.00    54.00     0.00   158.00    0.10000E-01    0.91904E-02
  54    32.00    55.00     0.00   157.00    0.10000E-01    0.96985E-02
  55    32.00    56.00     0.00   156.00    0.10000E-01    0.10225E-01
  56    32.00    57.00     0.00   155.00    0.10000E-01    0.10772E-01
  57    32.00    58.00     0.00   154.00    0.10000E-01    0.11338E-01
  58    32.00    59.00     0.00   153.00    0.10000E-01    0.11926E-01
  59    32.00    60.00     0.00   152.00    0.10000E-01    0.12533E-01
  60    32.00    61.00     0.00   151.00    0.10000E-01    0.13157E-01
  61    32.00    32.00     0.00   180.00    0.10000E-01    0.24278E-02
  62    32.00    33.00     0.00   179.00    0.10000E-01    0.25995E-02
  63    32.00    34.00     0.00   178.00    0.10000E-01    0.27594E-02
  64    32.00    35.00     0.00   177.00    0.10000E-01    0.29251E-02
  65    32.00    36.00     0.00   176.00    0.10000E-01    0.31017E-02
  66    32.00    37.00     0.00   175.00    0.10000E-01    0.32982E-02
  67    32.00    38.00     0.00   174.00    0.10000E-01    0.35106E-02
  68    32.00    39.00     0.00   173.00    0.10000E-01    0.37373E-02
  69    32.00    40.00     0.00   172.00    0.10000E-01    0.39785E-02
  70    32.00    41.00     0.00   171.00    0.10000E-01    0.42354E-02
  71    32.00    42.00     0.00   170.00    0.10000E-01    0.45146E-02
  72    32.00    43.00     0.00   169.00    0.10000E-01    0.48091E-02
  73    32.00    44.00     0.00   168.00    0.10000E-01    0.51191E-02
  74    32.00    45.00     0.00   167.00    0.10000E-01    0.54448E-02
  75    32.00    46.00     0.00   166.00    0.10000E-01    0.57890E-02
  76    32.00    47.00     0.00   165.00    0.10000E-01    0.61529E-02
  77    32.00    48.00     0.00   164.00    0.10000E-01    0.65332E-02
  78    32.00    49.00     0.00   163.00    0.10000E-01    0.69303E-02
  79    32.00    50.00     0.00   162.00    0.10000E-01    0.73444E-02
  80    32.00    51.00     0.00   161.00    0.10000E-01    0.77783E-02
  81    32.00    52.00     0.00   160.00    0.10000E-01    0.82308E-02
  82    32.00    53.00     0.00   159.00    0.10000E-01    0.87013E-02
  83    32.00    54.00     0.00   158.00    0.10000E-01    0.91904E-02
  84    32.00    55.00     0.00   157.00    0.10000E-01    0.96985E-02
  85    32.00    56.00     0.00   156.00    0.10000E-01    0.10225E-01
  86    32.00    57.00     0.00   155.00    0.10000E-01    0.10772E-01
  87    32.00    58.00     0.00   154.00    0.10000E-01    0.11338E-01
  88    32.00    59.00     0.00   153.00    0.10000E-01    0.11926E-01
  89    32.00    60.00     0.00   152.00    0.10000E-01    0.12533E-01
  90    32.00    61.00     0.00   151.00    0.10000E-01    0.13157E-01
  91    32.00    32.00     0.00   180.00    0.10000E-01    0.24278E-02
  92    32.00    33.00     0.00   179.00    0.10000E-01    0.25995E-02
  93    32.00    34.00     0.00   178.00    0.10000E-01    0.27594E-02
  94    32.00    35.00     0.00   177.00    0.10000E-01    0.29251E-02
  95    32.00    36.00     0.00   176.00    0.10000E-01    0.31017E-02
  96    32.00    37.00     0.00   175.00    0.10000E-01    0.32982E-02
  97    32.00    38.00     0.00   174.00    0.10000E-01    0.35106E-02
  98    32.00    39.00     0.00   173.00    0.10000E-01    0.37373E-02
  99    32.00    40.00     0.00   172.00    0.10000E-01    0.39785E-02
 100    32.00    41.00     0.00   171.00    0.10000E-01    0.42354E-02
 101    32.00    42.00     0.00   170.00    0.10000E-01    0.45146E-02
 102    32.00    43.00     0.00   169.00    0.10000E-01    0.48091E-02
 103    32.00    44.00     0.00   168.00    0.10000E-01    0.51191E-02
 104    32.00    45.00     0.00   167.00    0.10000E-01    0.54448E-02
 105    32.00    46.00     0.00   166.00    0.10000E-01    0.57890E-02
 106    32.00    47.00     0.00   165.00    0.10000E-01    0.61529E-02
 107    32.00    48.00     0.00   164.00    0.10000E-01    0.65332E-02
 108    32.00    49.00     0.00   163.00    0.10000E-01    0.69303E-02
 109    32.00    50.00     0.00   162.00    0.10000E-01    0.73444E-02
 110    32.00    51.00     0.00   161.00    0.10000E-01    0.77783E-02
 111    32.00    52.00     0.00   160.00    0.10000E-01    0.82308E-02
 112    32.00    53.00     0.00   159.00    0.10000E-01    0.87013E-02
 113    32.00    54.00     0.00   158.00    0.10000E-01    0.91904E-02
 114    32.00    55.00     0.00   157.00    0.10000E-01    0.96985E-02
 115    32.00    56.00     0.00   156.00    0.10000E-01    0.10225E-01
 116    32.00    57.00     0.00   155.00    0.10000E-01    0.10772E-01
 117    32.00    58.00     0.00   154.00    0.10000E-01    0.11338E-01
 118    32.00    59.00     0.00   153.00    0.10000E-01    0.11926E-01
 119    32.00    60.00     0.00   152.00    0.10000E-01    0.12533E-01
 120    32.00    61.00     0.00   151.00    0.10000E-01    0.13157E-01
 121    32.00    32.00     0.00   180.00    0.10000E-01    0.24278E-02
 122    32.00    33.00     0.00   179.00    0.10000E-01    0.25995E-02
 123    32.00    34.00     0.00   178.00    0.10000E-01    0.27594E-02
 124    32.00    35.00     0.00   177.00    0.10000E-01    0.29251E-02
 125    32.00    36.00     0.00   176.00    0.10000E-01    0.31017E-02
 126    32.00    37.00     0.00   175.00    0.10000E-01    0.32982E-02
 127    32.00    38.00     0.00   174.00    0.10000E-01    0.35106E-02
 128    32.00    39.00     0.00   173.00    0.10000E-01    0.37373E-02
 129    32.00    40.00     0.00   172.00    0.10000E-01    0.39785E-02
 130    32.00    41.00     0.00   171.00    0.10000E-01    0.42354E-02
 131    32.00    42.00     0.00   170.00    0.10000E-01    0.45146E-02
 132    32.00    43.00     0.00   169.00    0.10000E-01    0.48091E-02
 133    32.00    44.00     0.00   168.00    0.10000E-01    0.51191E-02
 134    32.00    45.00     0.00   167.00    0.10000E-01    0.54448E-02
 135    32.00    46.00     0.00   166.00    0.10000E-01    0.57890E-02
 136    32.00    47.00     0.00   165.00    0.10000E-01    0.61529E-02
 137    32.00    48.00     0.00   164.00    0.10000E-01    0.65332E-02
 138    32.00    49.00     0.00   163.00    0.10000E-01    0.69303E-02
 139    32.00    50.00     0.00   162.00    0.10000E-01    0.73444E-02
 140    32.00    51.00     0.00   161.00    0.10000E-01    0.77783E-02
 141    32.00    52.00     0.00   160.00    0.10000E-01    0.82308E-02
 142    32.00    53.00     0.00   159.00    0.10000E-01    0.87013E-02
 143    32.00    54.00     0.00   158.00    0.10000E-01    0.91904E-02
 144    32.00    55.00     0.00   157.00    0.10000E-01    0.96985E-02
 145    32.00    56.00     0.00   156.00    0.10000E-01    0.10225E-01
 146    32.00    57.00     0.00   155.00    0.10000E-01    0.10772E-01
 147    32.00    58.00     0.00   154.00    0.10000E-01    0.11338E-01
 148    32.00    59.00     0.00   153.00    0.10000E-01    0.11926E-01
 149    32.00    60.00     0.00   152.00    0.10000E-01    0.12533E-01
 150    32.00    61.00     0.00   151.00    0.10000E-01    0.13157E-01
 151    32.00    32.00     0.00   180.00    0.10000E-01    0.24278E-02
 152    32.00    33.00     0.00   179.00    0.10000E-01    0.25995E-02
 153    32.00    34.00     0.00   178.00    0.10000E-01    0.27594E-02
 154    32.00    35.00     0.00   177.00    0.10000E-01    0.29251E-02
 155    32.00    36.00     0.00   176.00    0.10000E-01    0.31017E-02
 156    32.00    37.00     0.00   175.00    0.10000E-01    0.32982E-02
 157    32.00    38.00     0.00   174.00    0.10000E-01    0.35106E-02
 158    32.00    39.00     0.00   173.00    0.10000E-01    0.37373E-02
 159    32.00    40.00     0.00   172.00    0.10000E-01    0.39785E-02
 160    32.00    41.00     0.00   171.00    0.10000E-01    0.42354E-02
 161    32.00    42.00     0.00   170.00    0.10000E-01    0.45146E-02
 162    32.00    43.00     0.00   169.00    0.10000E-01    0.48091E-02
 163    32.00    44.00     0.00   168.00    0.10000E-01    0.51191E-02
 164    32.00    45.00     0.00   167.00    0.10000E-01    0.54448E-02
 165    32.00    46.00     0.00   166.00    0.10000E-01    0.57890E-02
 166    32.00    47.00     0.00   165.00    0.10000E-01    0.61529E-02
 167    32.00    48.00     0.00   164.00    0.10000E-01    0.65332E-02
 168    32.00    49.00     0.00   163.00    0.10000E-01    0.69303E-02
 169    32.00    50.00     0.00   162.00    0.10000E-01    0.73444E-02
 170    32.00    51.00     0.00   161.00    0.10000E-01    0.77783E-02
 171    32.00    52.00     0.00   160.00    0.10000E-01    0.82308E-02
 172    32.00    53.00     0.00   159.00    0.10000E-01    0.87013E-02
 173    32.00    54.00     0.00   158.00    0.10000E-01    0.91904E-02
 174    32.00    55.00     0.00   157.00    0.10000E-01    0.96985E-02
 175    32.00    56.00     0.00   156.00    0.10000E-01    0.10225E-01
 176    32.00    57.00     0.00   155.00    0.10000E-01    0.10772E-01
 177    32.00    58.00     0.00   154.00    0.10000E-01    0.11338E-01
 178    32.00    59.00     0.00   153.00    0.10000E-01    0.11926E-01
 179    32.00    60.00     0.00   152.00    0.10000E-01    0.12533E-01
 180    32.00    61.00     0.00   151.00    0.10000E-01    0.13157E-01
   #      sza      vis      fis  sca_ang       meas_U/I        fit_U/I
   1    32.00    32.00     0.00   180.00    0.10000E-01   -0.25147E-09
   2    32.00    33.00     0.00   179.00    0.10000E-01   -0.27953E-09
   3    32.00    34.00     0.00   178.00    0.10000E-01   -0.30506E-09
   4    32.00    35.00     0.00   177.00    0.10000E-01   -0.32977E-09
   5    32.00    36.00     0.00   176.00    0.10000E-01   -0.35411E-09
   6    32.00    37.00     0.00   175.00    0.10000E-01   -0.37960E-09
   7    32.00    38.00     0.00   174.00    0.10000E-01   -0.40544E-09
   8    32.00    39.00     0.00   173.00    0.10000E-01   -0.43125E-09
   9    32.00    40.00     0.00   172.00    0.10000E-01   -0.45706E-09
  10    32.00    41.00     0.00   171.00    0.10000E-01   -0.48305E-09
  11    32.00    42.00     0.00   170.00    0.10000E-01   -0.51069E-09
  12    32.00    43.00     0.00   169.00    0.10000E-01   -0.53839E-09
  13    32.00    44.00     0.00   168.00    0.10000E-01   -0.56613E-09
  14    32.00    45.00     0.00   167.00    0.10000E-01   -0.59395E-09
  15    32.00    46.00     0.00   166.00    0.10000E-01   -0.62255E-09
  16    32.00    47.00     0.00   165.00    0.10000E-01   -0.65227E-09
  17    32.00    48.00     0.00   164.00    0.10000E-01   -0.68207E-09
  18    32.00    49.00     0.00   163.00    0.10000E-01   -0.71196E-09
  19    32.00    50.00     0.00   162.00    0.10000E-01   -0.74193E-09
  20    32.00    51.00     0.00   161.00    0.10000E-01   -0.77325E-09
  21    32.00    52.00     0.00   160.00    0.10000E-01   -0.80512E-09
  22    32.00    53.00     0.00   159.00    0.10000E-01   -0.83709E-09
  23    32.00    54.00     0.00   158.00    0.10000E-01   -0.86916E-09
  24    32.00    55.00     0.00   157.00    0.10000E-01   -0.90143E-09
  25    32.00    56.00     0.00   156.00    0.10000E-01   -0.93532E-09
  26    32.00    57.00     0.00   155.00    0.10000E-01   -0.96931E-09
  27    32.00    58.00     0.00   154.00    0.10000E-01   -0.10034E-08
  28    32.00    59.00     0.00   153.00    0.10000E-01   -0.10376E-08
  29    32.00    60.00     0.00   152.00    0.10000E-01   -0.10725E-08
  30    32.00    61.00     0.00   151.00    0.10000E-01   -0.11083E-08
  31    32.00    32.00     0.00   180.00    0.10000E-01   -0.25147E-09
  32    32.00    33.00     0.00   179.00    0.10000E-01   -0.27953E-09
  33    32.00    34.00     0.00   178.00    0.10000E-01   -0.30506E-09
  34    32.00    35.00     0.00   177.00    0.10000E-01   -0.32977E-09
  35    32.00    36.00     0.00   176.00    0.10000E-01   -0.35411E-09
  36    32.00    37.00     0.00   175.00    0.10000E-01   -0.37960E-09
  37    32.00    38.00     0.00   174.00    0.10000E-01   -0.40544E-09
  38    32.00    39.00     0.00   173.00    0.10000E-01   -0.43125E-09
  39    32.00    40.00     0.00   172.00    0.10000E-01   -0.45706E-09
  40    32.00    41.00     0.00   171.00    0.10000E-01   -0.48305E-09
  41    32.00    42.00     0.00   170.00    0.10000E-01   -0.51069E-09
  42    32.00    43.00     0.00   169.00    0.10000E-01   -0.53839E-09
  43    32.00    44.00     0.00   168.00    0.10000E-01   -0.56613E-09
  44    32.00    45.00     0.00   167.00    0.10000E-01   -0.59395E-09
  45    32.00    46.00     0.00   166.00    0.10000E-01   -0.62255E-09
  46    32.00    47.00     0.00   165.00    0.10000E-01   -0.65227E-09
  47    32.00    48.00     0.00   164.00    0.10000E-01   -0.68207E-09
  48    32.00    49.00     0.00   163.00    0.10000E-01   -0.71196E-09
  49    32.00    50.00     0.00   162.00    0.10000E-01   -0.74193E-09
  50    32.00    51.00     0.00   161.00    0.10000E-01   -0.77325E-09
  51    32.00    52.00     0.00   160.00    0.10000E-01   -0.80512E-09
  52    32.00    53.00     0.00   159.00    0.10000E-01   -0.83709E-09
  53    32.00    54.00     0.00   158.00    0.10000E-01   -0.86916E-09
  54    32.00    55.00     0.00   157.00    0.10000E-01   -0.90143E-09
  55    32.00    56.00     0.00   156.00    0.10000E-01   -0.93532E-09
  56    32.00    57.00     0.00   155.00    0.10000E-01   -0.96931E-09
  57    32.00    58.00     0.00   154.00    0.10000E-01   -0.10034E-08
  58    32.00    59.00     0.00   153.00    0.10000E-01   -0.10376E-08
  59    32.00    60.00     0.00   152.00    0.10000E-01   -0.10725E-08
  60    32.00    61.00     0.00   151.00    0.10000E-01   -0.11083E-08
  61    32.00    32.00     0.00   180.00    0.10000E-01   -0.25147E-09
  62    32.00    33.00     0.00   179.00    0.10000E-01   -0.27953E-09
  63    32.00    34.00     0.00   178.00    0.10000E-01   -0.30506E-09
  64    32.00    35.00     0.00   177.00    0.10000E-01   -0.32977E-09
  65    32.00    36.00     0.00   176.00    0.10000E-01   -0.35411E-09
  66    32.00    37.00     0.00   175.00    0.10000E-01   -0.37960E-09
  67    32.00    38.00     0.00   174.00    0.10000E-01   -0.40544E-09
  68    32.00    39.00     0.00   173.00    0.10000E-01   -0.43125E-09
  69    32.00    40.00     0.00   172.00    0.10000E-01   -0.45706E-09
  70    32.00    41.00     0.00   171.00    0.10000E-01   -0.48305E-09
  71    32.00    42.00     0.00   170.00    0.10000E-01   -0.51069E-09
  72    32.00    43.00     0.00   169.00    0.10000E-01   -0.53839E-09
  73    32.00    44.00     0.00   168.00    0.10000E-01   -0.56613E-09
  74    32.00    45.00     0.00   167.00    0.10000E-01   -0.59395E-09
  75    32.00    46.00     0.00   166.00    0.10000E-01   -0.62255E-09
  76    32.00    47.00     0.00   165.00    0.10000E-01   -0.65227E-09
  77    32.00    48.00     0.00   164.00    0.10000E-01   -0.68207E-09
  78    32.00    49.00     0.00   163.00    0.10000E-01   -0.71196E-09
  79    32.00    50.00     0.00   162.00    0.10000E-01   -0.74193E-09
  80    32.00    51.00     0.00   161.00    0.10000E-01   -0.77325E-09
  81    32.00    52.00     0.00   160.00    0.10000E-01   -0.80512E-09
  82    32.00    53.00     0.00   159.00    0.10000E-01   -0.83709E-09
  83    32.00    54.00     0.00   158.00    0.10000E-01   -0.86916E-09
  84    32.00    55.00     0.00   157.00    0.10000E-01   -0.90143E-09
  85    32.00    56.00     0.00   156.00    0.10000E-01   -0.93532E-09
  86    32.00    57.00     0.00   155.00    0.10000E-01   -0.96931E-09
  87    32.00    58.00     0.00   154.00    0.10000E-01   -0.10034E-08
  88    32.00    59.00     0.00   153.00    0.10000E-01   -0.10376E-08
  89    32.00    60.00     0.00   152.00    0.10000E-01   -0.10725E-08
  90    32.00    61.00     0.00   151.00    0.10000E-01   -0.11083E-08
  91    32.00    32.00     0.00   180.00    0.10000E-01   -0.25147E-09
  92    32.00    33.00     0.00   179.00    0.10000E-01   -0.27953E-09
  93    32.00    34.00     0.00   178.00    0.10000E-01   -0.30506E-09
  94    32.00    35.00     0.00   177.00    0.10000E-01   -0.32977E-09
  95    32.00    36.00     0.00   176.00    0.10000E-01   -0.35411E-09
  96    32.00    37.00     0.00   175.00    0.10000E-01   -0.37960E-09
  97    32.00    38.00     0.00   174.00    0.10000E-01   -0.40544E-09
  98    32.00    39.00     0.00   173.00    0.10000E-01   -0.43125E-09
  99    32.00    40.00     0.00   172.00    0.10000E-01   -0.45706E-09
 100    32.00    41.00     0.00   171.00    0.10000E-01   -0.48305E-09
 101    32.00    42.00     0.00   170.00    0.10000E-01   -0.51069E-09
 102    32.00    43.00     0.00   169.00    0.10000E-01   -0.53839E-09
 103    32.00    44.00     0.00   168.00    0.10000E-01   -0.56613E-09
 104    32.00    45.00     0.00   167.00    0.10000E-01   -0.59395E-09
 105    32.00    46.00     0.00   166.00    0.10000E-01   -0.62255E-09
 106    32.00    47.00     0.00   165.00    0.10000E-01   -0.65227E-09
 107    32.00    48.00     0.00   164.00    0.10000E-01   -0.68207E-09
 108    32.00    49.00     0.00   163.00    0.10000E-01   -0.71196E-09
 109    32.00    50.00     0.00   162.00    0.10000E-01   -0.74193E-09
 110    32.00    51.00     0.00   161.00    0.10000E-01   -0.77325E-09
 111    32.00    52.00     0.00   160.00    0.10000E-01   -0.80512E-09
 112    32.00    53.00     0.00   159.00    0.10000E-01   -0.83709E-09
 113    32.00    54.00     0.00   158.00    0.10000E-01   -0.86916E-09
 114    32.00    55.00     0.00   157.00    0.10000E-01   -0.90143E-09
 115    32.00    56.00     0.00   156.00    0.10000E-01   -0.93532E-09
 116    32.00    57.00     0.00   155.00    0.10000E-01   -0.96931E-09
 117    32.00    58.00     0.00   154.00    0.10000E-01   -0.10034E-08
 118    32.00    59.00     0.00   153.00    0.10000E-01   -0.10376E-08
 119    32.00    60.00     0.00   152.00    0.10000E-01   -0.10725E-08
 120    32.00    61.00     0.00   151.00    0.10000E-01   -0.11083E-08
 121    32.00    32.00     0.00   180.00    0.10000E-01   -0.25147E-09
 122    32.00    33.00     0.00   179.00    0.10000E-01   -0.27953E-09
 123    32.00    34.00     0.00   178.00    0.10000E-01   -0.30506E-09
 124    32.00    35.00     0.00   177.00    0.10000E-01   -0.32977E-09
 125    32.00    36.00     0.00   176.00    0.10000E-01   -0.35411E-09
 126    32.00    37.00     0.00   175.00    0.10000E-01   -0.37960E-09
 127    32.00    38.00     0.00   174.00    0.10000E-01   -0.40544E-09
 128    32.00    39.00     0.00   173.00    0.10000E-01   -0.43125E-09
 129    32.00    40.00     0.00   172.00    0.10000E-01   -0.45706E-09
 130    32.00    41.00     0.00   171.00    0.10000E-01   -0.48305E-09
 131    32.00    42.00     0.00   170.00    0.10000E-01   -0.51069E-09
 132    32.00    43.00     0.00   169.00    0.10000E-01   -0.53839E-09
 133    32.00    44.00     0.00   168.00    0.10000E-01   -0.56613E-09
 134    32.00    45.00     0.00   167.00    0.10000E-01   -0.59395E-09
 135    32.00    46.00     0.00   166.00    0.10000E-01   -0.62255E-09
 136    32.00    47.00     0.00   165.00    0.10000E-01   -0.65227E-09
 137    32.00    48.00     0.00   164.00    0.10000E-01   -0.68207E-09
 138    32.00    49.00     0.00   163.00    0.10000E-01   -0.71196E-09
 139    32.00    50.00     0.00   162.00    0.10000E-01   -0.74193E-09
 140    32.00    51.00     0.00   161.00    0.10000E-01   -0.77325E-09
 141    32.00    52.00     0.00   160.00    0.10000E-01   -0.80512E-09
 142    32.00    53.00     0.00   159.00    0.10000E-01   -0.83709E-09
 143    32.00    54.00     0.00   158.00    0.10000E-01   -0.86916E-09
 144    32.00    55.00     0.00   157.00    0.10000E-01   -0.90143E-09
 145    32.00    56.00     0.00   156.00    0.10000E-01   -0.93532E-09
 146    32.00    57.00     0.00   155.00    0.10000E-01   -0.96931E-09
 147    32.00    58.00     0.00   154.00    0.10000E-01   -0.10034E-08
 148    32.00    59.00     0.00   153.00    0.10000E-01   -0.10376E-08
 149    32.00    60.00     0.00   152.00    0.10000E-01   -0.10725E-08
 150    32.00    61.00     0.00   151.00    0.10000E-01   -0.11083E-08
 151    32.00    32.00     0.00   180.00    0.10000E-01   -0.25147E-09
 152    32.00    33.00     0.00   179.00    0.10000E-01   -0.27953E-09
 153    32.00    34.00     0.00   178.00    0.10000E-01   -0.30506E-09
 154    32.00    35.00     0.00   177.00    0.10000E-01   -0.32977E-09
 155    32.00    36.00     0.00   176.00    0.10000E-01   -0.35411E-09
 156    32.00    37.00     0.00   175.00    0.10000E-01   -0.37960E-09
 157    32.00    38.00     0.00   174.00    0.10000E-01   -0.40544E-09
 158    32.00    39.00     0.00   173.00    0.10000E-01   -0.43125E-09
 159    32.00    40.00     0.00   172.00    0.10000E-01   -0.45706E-09
 160    32.00    41.00     0.00   171.00    0.10000E-01   -0.48305E-09
 161    32.00    42.00     0.00   170.00    0.10000E-01   -0.51069E-09
 162    32.00    43.00     0.00   169.00    0.10000E-01   -0.53839E-09
 163    32.00    44.00     0.00   168.00    0.10000E-01   -0.56613E-09
 164    32.00    45.00     0.00   167.00    0.10000E-01   -0.59395E-09
 165    32.00    46.00     0.00   166.00    0.10000E-01   -0.62255E-09
 166    32.00    47.00     0.00   165.00    0.10000E-01   -0.65227E-09
 167    32.00    48.00     0.00   164.00    0.10000E-01   -0.68207E-09
 168    32.00    49.00     0.00   163.00    0.10000E-01   -0.71196E-09
 169    32.00    50.00     0.00   162.00    0.10000E-01   -0.74193E-09
 170    32.00    51.00     0.00   161.00    0.10000E-01   -0.77325E-09
 171    32.00    52.00     0.00   160.00    0.10000E-01   -0.80512E-09
 172    32.00    53.00     0.00   159.00    0.10000E-01   -0.83709E-09
 173    32.00    54.00     0.00   158.00    0.10000E-01   -0.86916E-09
 174    32.00    55.00     0.00   157.00    0.10000E-01   -0.90143E-09
 175    32.00    56.00     0.00   156.00    0.10000E-01   -0.93532E-09
 176    32.00    57.00     0.00   155.00    0.10000E-01   -0.96931E-09
 177    32.00    58.00     0.00   154.00    0.10000E-01   -0.10034E-08
 178    32.00    59.00     0.00   153.00    0.10000E-01   -0.10376E-08
 179    32.00    60.00     0.00   152.00    0.10000E-01   -0.10725E-08
 180    32.00    61.00     0.00   151.00    0.10000E-01   -0.11083E-08