
Detailed residuals after final iteration
            noise          abs            rel
  38.09218    1:   0.38911E-01       27.66203 %      pixel # 1      Residual after iteration # 3

Date:             2019-08-16
Time:               22:45:18
Longitude:         -112.8998
Latitude :           34.6970
Parameter #, Vector of retrieved parameters
             1   0.50222E-03
             2   0.12934E-02
             3   0.23039E-02
             4   0.34563E-02
             5   0.49846E-02
             6   0.10100E-01
             7   0.35646E-01
             8   0.17843E+00
             9   0.52592E+00
            10   0.59154E+00
            11   0.37912E+00
            12   0.24883E+00
            13   0.21432E+00
            14   0.23950E+00
            15   0.29200E+00
            16   0.32233E+00
            17   0.27121E+00
            18   0.18764E+00
            19   0.11388E+00
            20   0.48627E-01
            21   0.96120E-02
            22   0.50882E-03
            23   0.15024E+01
            24   0.15034E+01
            25   0.15165E+01
            26   0.15196E+01
            27   0.15314E+01
            28   0.15289E+01
            29   0.14823E+01
            30   0.36584E-02
            31   0.36580E-02
            32   0.36496E-02
            33   0.36484E-02
            34   0.36413E-02
            35   0.36360E-02
            36   0.36348E-02
            37   0.65995E+00
            38   0.15049E+00
            39   0.10793E+04
            40   0.79122E-01
            41   0.69886E-01
            42   0.10878E+00
            43   0.12140E+00
            44   0.12356E+00
            45   0.12639E+00
            46   0.18650E+00
            47   0.11123E+00
            48   0.11123E+00
            49   0.11123E+00
            50   0.11123E+00
            51   0.11124E+00
            52   0.11124E+00
            53   0.11125E+00
            54   0.81395E-01
            55   0.81395E-01
            56   0.81393E-01
            57   0.81394E-01
            58   0.81400E-01
            59   0.81414E-01
            60   0.81456E-01
            61   0.23162E+01
            62   0.23162E+01
            63   0.23163E+01
            64   0.23163E+01
            65   0.23163E+01
            66   0.23164E+01
            67   0.23166E+01
            68   0.94183E-02
            69   0.93870E-02
            70   0.89386E-02
            71   0.56062E-02
            72   0.53314E-02
            73   0.51951E-02
            74   0.50933E-02
            75   0.90000E+00
            76   0.90000E+00
            77   0.90000E+00
            78   0.90000E+00
            79   0.90000E+00
            80   0.90000E+00
            81   0.90000E+00
            82   0.10025E-01
            83   0.10025E-01
            84   0.10025E-01
            85   0.10025E-01
            86   0.10025E-01
            87   0.10025E-01
            88   0.10000E-01

*** DETAILED PARAMETERS ***
Date:             2019-08-16
Time:               22:45:18
Longitude:         -112.8998
Latitude :           34.6970
Size Distribution dV/dlnr (normalized by particle volume concentration) for Particle component 1
   0.50000E-01   0.50222E-03
   0.65604E-01   0.12934E-02
   0.86077E-01   0.23039E-02
   0.11294E+00   0.34563E-02
   0.14818E+00   0.49846E-02
   0.19443E+00   0.10100E-01
   0.25510E+00   0.35646E-01
   0.33472E+00   0.17843E+00
   0.43917E+00   0.52592E+00
   0.57623E+00   0.59154E+00
   0.75605E+00   0.37912E+00
   0.99200E+00   0.24883E+00
   0.13016E+01   0.21432E+00
   0.17078E+01   0.23950E+00
   0.22407E+01   0.29200E+00
   0.29400E+01   0.32233E+00
   0.38575E+01   0.27121E+00
   0.50613E+01   0.18764E+00
   0.66407E+01   0.11388E+00
   0.87131E+01   0.48627E-01
   0.11432E+02   0.96120E-02
   0.15000E+02   0.50882E-03
Aerosol volume concentration (um^3/um^2 or um^3/um^3)
             1   0.15049E+00
% of spherical particles for Particle component 1
             1   0.65995E+02
Aerosol profile mean height (m)
             1   0.10793E+04
Angstrom exp ( 0.469 / 0.659 )
                -0.33630E+00
Wavelength (um), AOD_Total (unitless or 1/um)
       0.35510   0.36188E+00
       0.37720   0.37219E+00
       0.44330   0.37825E+00
       0.46910   0.39365E+00
       0.55350   0.41838E+00
       0.65913   0.44135E+00
       0.86370   0.41746E+00
Wavelength (um), SSA_Total
       0.35510   0.92053E+00
       0.37720   0.92607E+00
       0.44330   0.93537E+00
       0.46910   0.94054E+00
       0.55350   0.95086E+00
       0.65913   0.96005E+00
       0.86370   0.96822E+00
Wavelength (um), AAOD_Total (unitless or 1/um)
       0.35510   0.28760E-01
       0.37720   0.27515E-01
       0.44330   0.24447E-01
       0.46910   0.23408E-01
       0.55350   0.20560E-01
       0.65913   0.17631E-01
       0.86370   0.13266E-01
Wavelength (um), REAL Ref. Index for Particle component 1
       0.35510       1.50242
       0.37720       1.50339
       0.44330       1.51654
       0.46910       1.51963
       0.55350       1.53139
       0.65913       1.52895
       0.86370       1.48231
Wavelength (um), IMAG Ref. Index for Particle component 1
       0.35510   0.36584E-02
       0.37720   0.36580E-02
       0.44330   0.36496E-02
       0.46910   0.36484E-02
       0.55350   0.36413E-02
       0.65913   0.36360E-02
       0.86370   0.36348E-02

*** FITTING ***
------------------------------------------------------------------------
pixel #    1   wavelength #   1     0.355 (um)
------------------------------------------------------------------------
   #      sza      vis      fis  sca_ang         meas_I          fit_I
   1    47.50    65.81   210.30    72.31    0.26063E+00    0.25558E+00
   2    47.50    47.45   212.81    90.02    0.17510E+00    0.18284E+00
   3    47.50     4.99   272.48   132.51    0.13459E+00    0.17102E+00
   4    47.50    42.58   335.64   162.15    0.21711E+00    0.26193E+00
   5    47.50    61.14   333.10   154.41    0.27433E+00    0.32086E+00
------------------------------------------------------------------------
pixel #    1   wavelength #   2     0.377 (um)
------------------------------------------------------------------------
   #      sza      vis      fis  sca_ang         meas_I          fit_I
   1    47.50    65.68   210.31    72.43    0.22235E+00    0.23068E+00
   2    47.50    47.32   212.83    90.14    0.14150E+00    0.16005E+00
   3    47.50     4.93   274.02   132.65    0.10081E+00    0.14638E+00
   4    47.50    42.71   335.62   162.15    0.16722E+00    0.22796E+00
   5    47.50    61.24   333.09   154.34    0.21260E+00    0.28255E+00
------------------------------------------------------------------------
pixel #    1   wavelength #   3     0.443 (um)
------------------------------------------------------------------------
   #      sza      vis      fis  sca_ang         meas_I          fit_I
   1    47.50    65.54   210.33    72.56    0.24502E+00    0.19838E+00
   2    47.50    47.20   212.85    90.26    0.13364E+00    0.13660E+00
   3    47.50     4.87   275.57   132.78    0.78012E-01    0.12201E+00
   4    47.50    42.88   335.59   162.15    0.13185E+00    0.18252E+00
   5    47.50    61.34   333.08   154.28    0.16968E+00    0.22220E+00
------------------------------------------------------------------------
pixel #    1   wavelength #   4     0.469 (um)
------------------------------------------------------------------------
   #      sza      vis      fis  sca_ang         meas_I          fit_I
   1    47.50    65.41   210.34    72.69    0.24883E+00    0.19499E+00
   2    47.50    47.07   212.86    90.38    0.13163E+00    0.13485E+00
   3    47.50     4.81   277.16   132.91    0.73731E-01    0.11958E+00
   4    47.50    43.05   335.56   162.15    0.12706E+00    0.17470E+00
   5    47.50    61.48   333.07   154.18    0.16183E+00    0.20962E+00
------------------------------------------------------------------------
pixel #    1   wavelength #   5     0.553 (um)
------------------------------------------------------------------------
   #      sza      vis      fis  sca_ang         meas_I          fit_I
   1    47.50    65.17   210.37    72.92    0.22521E+00    0.18226E+00
   2    47.50    46.80   212.90    90.64    0.10805E+00    0.12333E+00
   3    47.50     4.71   280.39   133.17    0.61148E-01    0.10599E+00
   4    47.50    43.32   335.51   162.14    0.10533E+00    0.14806E+00
   5    47.50    61.74   333.05   154.00    0.12574E+00    0.17381E+00
------------------------------------------------------------------------
pixel #    1   wavelength #   6     0.659 (um)
------------------------------------------------------------------------
   #      sza      vis      fis  sca_ang         meas_I          fit_I
   1    47.50    64.89   210.39    73.19    0.20684E+00    0.17960E+00
   2    47.50    46.42   212.96    91.00    0.85915E-01    0.11927E+00
   3    47.50     4.63   283.80   133.44    0.54725E-01    0.10013E+00
   4    47.50    43.61   335.46   162.13    0.89546E-01    0.13260E+00
   5    47.50    62.08   333.03   153.76    0.10516E+00    0.15142E+00
------------------------------------------------------------------------
pixel #    1   wavelength #   7     0.864 (um)
------------------------------------------------------------------------
   #      sza      vis      fis  sca_ang         meas_I          fit_I
   1    47.50    64.50   210.43    73.56    0.18109E+00    0.19522E+00
   2    47.50    45.89   213.04    91.51    0.12146E+00    0.14033E+00
   3    47.50     4.53   289.12   133.83    0.13217E+00    0.12485E+00
   4    47.50    44.01   335.40   162.11    0.16712E+00    0.14856E+00
   5    47.50    62.42   333.00   153.52    0.17171E+00    0.15646E+00
