
Detailed residuals after final iteration
            noise          abs            rel    noise          abs            rel
  26.09429    1:   0.40110E-01       24.91632 %    2:   0.89124E-01     1469.75903 %      pixel # 1      Residual after iteration # 4

Date:             2019-08-16
Time:               22:45:18
Longitude:         -112.8998
Latitude :           34.6970
Parameter #, Vector of retrieved parameters
             1   0.58945E-03
             2   0.14472E-02
             3   0.26006E-02
             4   0.37831E-02
             5   0.57271E-02
             6   0.12455E-01
             7   0.44043E-01
             8   0.18449E+00
             9   0.45074E+00
            10   0.52977E+00
            11   0.41158E+00
            12   0.29773E+00
            13   0.23871E+00
            14   0.24228E+00
            15   0.26208E+00
            16   0.29342E+00
            17   0.27726E+00
            18   0.22051E+00
            19   0.13697E+00
            20   0.54986E-01
            21   0.99567E-02
            22   0.62512E-03
            23   0.14915E+01
            24   0.14979E+01
            25   0.15149E+01
            26   0.15289E+01
            27   0.15987E+01
            28   0.15269E+01
            29   0.14730E+01
            30   0.12985E-02
            31   0.12980E-02
            32   0.12887E-02
            33   0.12872E-02
            34   0.12800E-02
            35   0.12760E-02
            36   0.12793E-02
            37   0.12285E+00
            38   0.12545E+00
            39   0.11848E+03
            40   0.49779E-02
            41   0.44251E-02
            42   0.34463E-02
            43   0.48139E-02
            44   0.25249E+00
            45   0.30680E-01
            46   0.35322E-02
            47   0.15574E+00
            48   0.15574E+00
            49   0.15575E+00
            50   0.15575E+00
            51   0.15576E+00
            52   0.15576E+00
            53   0.15575E+00
            54   0.42671E-01
            55   0.42671E-01
            56   0.42671E-01
            57   0.42671E-01
            58   0.42669E-01
            59   0.42668E-01
            60   0.42664E-01
            61   0.10030E+02
            62   0.10030E+02
            63   0.10030E+02
            64   0.10030E+02
            65   0.10030E+02
            66   0.10030E+02
            67   0.10030E+02
            68   0.76341E-02
            69   0.75957E-02
            70   0.70812E-02
            71   0.70148E-02
            72   0.64523E-02
            73   0.60287E-02
            74   0.55782E-02
            75   0.90000E+00
            76   0.90000E+00
            77   0.90000E+00
            78   0.90000E+00
            79   0.90000E+00
            80   0.90000E+00
            81   0.90000E+00
            82   0.10044E-01
            83   0.10044E-01
            84   0.10044E-01
            85   0.10044E-01
            86   0.10044E-01
            87   0.10044E-01
            88   0.10000E-01

*** DETAILED PARAMETERS ***
Date:             2019-08-16
Time:               22:45:18
Longitude:         -112.8998
Latitude :           34.6970
Size Distribution dV/dlnr (normalized by particle volume concentration) for Particle component 1
   0.50000E-01   0.58945E-03
   0.65604E-01   0.14472E-02
   0.86077E-01   0.26006E-02
   0.11294E+00   0.37831E-02
   0.14818E+00   0.57271E-02
   0.19443E+00   0.12455E-01
   0.25510E+00   0.44043E-01
   0.33472E+00   0.18449E+00
   0.43917E+00   0.45074E+00
   0.57623E+00   0.52977E+00
   0.75605E+00   0.41158E+00
   0.99200E+00   0.29773E+00
   0.13016E+01   0.23871E+00
   0.17078E+01   0.24228E+00
   0.22407E+01   0.26208E+00
   0.29400E+01   0.29342E+00
   0.38575E+01   0.27726E+00
   0.50613E+01   0.22051E+00
   0.66407E+01   0.13697E+00
   0.87131E+01   0.54986E-01
   0.11432E+02   0.99567E-02
   0.15000E+02   0.62512E-03
Aerosol volume concentration (um^3/um^2 or um^3/um^3)
             1   0.12545E+00
% of spherical particles for Particle component 1
             1   0.12285E+02
Aerosol profile mean height (m)
             1   0.11848E+03
Angstrom exp ( 0.469 / 0.659 )
                -0.19995E+00
Wavelength (um), AOD_Total (unitless or 1/um)
       0.35510   0.32212E+00
       0.37720   0.33045E+00
       0.44330   0.33563E+00
       0.46910   0.34433E+00
       0.55350   0.35269E+00
       0.65913   0.36857E+00
       0.86370   0.33541E+00
Wavelength (um), SSA_Total
       0.35510   0.96995E+00
       0.37720   0.97204E+00
       0.44330   0.97585E+00
       0.46910   0.97737E+00
       0.55350   0.97991E+00
       0.65913   0.98466E+00
       0.86370   0.98767E+00
Wavelength (um), AAOD_Total (unitless or 1/um)
       0.35510   0.96792E-02
       0.37720   0.92393E-02
       0.44330   0.81044E-02
       0.46910   0.77911E-02
       0.55350   0.70866E-02
       0.65913   0.56530E-02
       0.86370   0.41364E-02
Wavelength (um), REAL Ref. Index for Particle component 1
       0.35510       1.49151
       0.37720       1.49792
       0.44330       1.51492
       0.46910       1.52889
       0.55350       1.59869
       0.65913       1.52685
       0.86370       1.47301
Wavelength (um), IMAG Ref. Index for Particle component 1
       0.35510   0.12985E-02
       0.37720   0.12980E-02
       0.44330   0.12887E-02
       0.46910   0.12872E-02
       0.55350   0.12800E-02
       0.65913   0.12760E-02
       0.86370   0.12793E-02

*** FITTING ***
------------------------------------------------------------------------
pixel #    1   wavelength #   1     0.355 (um)
------------------------------------------------------------------------
   #      sza      vis      fis  sca_ang         meas_I          fit_I
   1    47.50    65.81   210.30    72.31    0.26063E+00    0.24917E+00
   2    47.50    47.45   212.81    90.02    0.17510E+00    0.17446E+00
   3    47.50     4.99   272.48   132.51    0.13459E+00    0.16258E+00
   4    47.50    42.58   335.64   162.15    0.21711E+00    0.25166E+00
   5    47.50    61.14   333.10   154.41    0.27433E+00    0.31662E+00
------------------------------------------------------------------------
pixel #    1   wavelength #   2     0.377 (um)
------------------------------------------------------------------------
   #      sza      vis      fis  sca_ang         meas_I          fit_I
   1    47.50    65.68   210.31    72.43    0.22235E+00    0.22407E+00
   2    47.50    47.32   212.83    90.14    0.14150E+00    0.15232E+00
   3    47.50     4.93   274.02   132.65    0.10081E+00    0.13918E+00
   4    47.50    42.71   335.62   162.15    0.16722E+00    0.21737E+00
   5    47.50    61.24   333.09   154.34    0.21260E+00    0.27796E+00
------------------------------------------------------------------------
pixel #    1   wavelength #   3     0.443 (um)
------------------------------------------------------------------------
   #      sza      vis      fis  sca_ang         meas_I          fit_I
   1    47.50    65.54   210.33    72.56    0.24502E+00    0.17461E+00
   2    47.50    47.20   212.85    90.26    0.13364E+00    0.11079E+00
   3    47.50     4.87   275.57   132.78    0.78012E-01    0.94809E-01
   4    47.50    42.88   335.59   162.15    0.13185E+00    0.14868E+00
   5    47.50    61.34   333.08   154.28    0.16968E+00    0.19448E+00
------------------------------------------------------------------------
pixel #    1   wavelength #   4     0.469 (um)
------------------------------------------------------------------------
   #      sza      vis      fis  sca_ang         meas_I          fit_I
   1    47.50    65.81   210.30    72.31    0.24883E+00    0.16764E+00
   2    47.50    47.45   212.81    90.02    0.13163E+00    0.10394E+00
   3    47.50     4.99   272.48   132.51    0.73731E-01    0.85837E-01
   4    47.50    42.58   335.64   162.15    0.12706E+00    0.13308E+00
   5    47.50    61.14   333.10   154.41    0.16183E+00    0.17406E+00
   #      sza      vis      fis  sca_ang       meas_Q/I        fit_Q/I
   1    47.50    65.81   210.30    72.31   -0.25031E+00   -0.23138E+00
   2    47.50    47.45   212.81    90.02   -0.31460E+00   -0.29987E+00
   3    47.50     4.99   272.48   132.51    0.21297E+00    0.21188E+00
   4    47.50    42.58   335.64   162.15    0.30899E-01    0.27586E-01
   5    47.50    61.14   333.10   154.41    0.74063E-02    0.32302E-01
   #      sza      vis      fis  sca_ang       meas_U/I        fit_U/I
   1    47.50    65.81   210.30    72.31    0.25229E+00    0.27566E+00
   2    47.50    47.45   212.81    90.02    0.33618E+00    0.34762E+00
   3    47.50     4.99   272.48   132.51   -0.88502E-02    0.17177E-01
   4    47.50    42.58   335.64   162.15   -0.73958E-02    0.13663E-02
   5    47.50    61.14   333.10   154.41   -0.80365E-01    0.58988E-01
------------------------------------------------------------------------
pixel #    1   wavelength #   5     0.553 (um)
------------------------------------------------------------------------
   #      sza      vis      fis  sca_ang         meas_I          fit_I
   1    47.50    65.81   210.30    72.31    0.26063E+00    0.26402E+00
   2    47.50    47.45   212.81    90.02    0.17510E+00    0.21390E+00
   3    47.50     4.99   272.48   132.51    0.13459E+00    0.20135E+00
   4    47.50    42.58   335.64   162.15    0.21711E+00    0.24102E+00
   5    47.50    61.14   333.10   154.41    0.27433E+00    0.26325E+00
------------------------------------------------------------------------
pixel #    1   wavelength #   6     0.659 (um)
------------------------------------------------------------------------
   #      sza      vis      fis  sca_ang         meas_I          fit_I
   1    47.50    65.81   210.30    72.31    0.24883E+00    0.15277E+00
   2    47.50    47.45   212.81    90.02    0.13163E+00    0.91599E-01
   3    47.50     4.99   272.48   132.51    0.73731E-01    0.69470E-01
   4    47.50    42.58   335.64   162.15    0.12706E+00    0.95299E-01
   5    47.50    61.14   333.10   154.41    0.16183E+00    0.11639E+00
   #      sza      vis      fis  sca_ang       meas_Q/I        fit_Q/I
   1    47.50    65.81   210.30    72.31   -0.25031E+00   -0.11143E+00
   2    47.50    47.45   212.81    90.02   -0.31460E+00   -0.16456E+00
   3    47.50     4.99   272.48   132.51    0.21297E+00    0.12062E+00
   4    47.50    42.58   335.64   162.15    0.30899E-01   -0.75424E-02
   5    47.50    61.14   333.10   154.41    0.74063E-02    0.76520E-02
   #      sza      vis      fis  sca_ang       meas_U/I        fit_U/I
   1    47.50    65.81   210.30    72.31    0.25229E+00    0.12117E+00
   2    47.50    47.45   212.81    90.02    0.33618E+00    0.18176E+00
   3    47.50     4.99   272.48   132.51   -0.88502E-02    0.93137E-02
   4    47.50    42.58   335.64   162.15   -0.73958E-02    0.39869E-02
   5    47.50    61.14   333.10   154.41   -0.80365E-01    0.12913E-01
------------------------------------------------------------------------
pixel #    1   wavelength #   7     0.864 (um)
------------------------------------------------------------------------
   #      sza      vis      fis  sca_ang         meas_I          fit_I
   1    47.50    65.68   210.31    72.43    0.20684E+00    0.12423E+00
   2    47.50    47.32   212.83    90.14    0.85915E-01    0.64848E-01
   3    47.50     4.93   274.02   132.65    0.54725E-01    0.43373E-01
   4    47.50    42.71   335.62   162.15    0.89546E-01    0.61398E-01
   5    47.50    61.24   333.09   154.34    0.10516E+00    0.75178E-01
   #      sza      vis      fis  sca_ang       meas_Q/I        fit_Q/I
   1    47.50    65.68   210.31    72.43   -0.32096E+00   -0.12229E+00
   2    47.50    47.32   212.83    90.14   -0.31432E+00   -0.20194E+00
   3    47.50     4.93   274.02   132.65    0.10660E+00    0.16000E+00
   4    47.50    42.71   335.62   162.15    0.10068E-01    0.73476E-03
   5    47.50    61.24   333.09   154.34    0.19504E-01    0.11459E-01
   #      sza      vis      fis  sca_ang       meas_U/I        fit_U/I
   1    47.50    65.68   210.31    72.43    0.32320E+00    0.12940E+00
   2    47.50    47.32   212.83    90.14    0.33741E+00    0.22031E+00
   3    47.50     4.93   274.02   132.65   -0.32834E-01    0.34671E-02
   4    47.50    42.71   335.62   162.15   -0.53545E-02    0.22353E-02
   5    47.50    61.24   333.09   154.34   -0.59325E-01    0.21144E-01
