  41    0.3400    number of radius nodes, base wavelength
   0.6480960E-03
   0.8503497E-03
   0.1115721E-02
   0.1463908E-02
   0.1920754E-02
   0.2520171E-02
   0.3306650E-02
   0.4338567E-02
   0.5692519E-02
   0.7469004E-02
   0.9799878E-02
   0.1285816E-01
   0.1687086E-01
   0.2213580E-01
   0.2904379E-01
   0.3810759E-01
   0.4999995E-01
   0.6560360E-01
   0.8607674E-01
   0.1129390E+00
   0.1481843E+00
   0.1944286E+00
   0.2551047E+00
   0.3347161E+00
   0.4391720E+00
   0.5762259E+00
   0.7560508E+00
   0.9919941E+00
   0.1301569E+01
   0.1707754E+01
   0.2240699E+01
   0.2939962E+01
   0.3857445E+01
   0.5061251E+01
   0.6640734E+01
   0.8713131E+01
   0.1143227E+02
   0.1499997E+02
   0.1968107E+02
   0.2582301E+02
   0.3388168E+02
  35    number of scattering angles, scattering angles(degrees)
         0.00000
         2.60000
         3.46000
         5.20000
         6.93000
         8.66000
        10.39000
        12.12000
        15.57000
        17.30000
        21.61000
        25.90000
        30.19000
        42.94000
        59.57000
        67.65000
        75.52000
        83.12000
        97.18000
       108.94000
       117.05000
       120.00000
       125.00000
       130.00000
       135.00000
       140.00000
       147.50000
       154.30000
       165.00000
       167.70000
       170.00000
       172.50000
       175.00000
       177.50000
       180.00000
